10 75
0 1 0 0 0 0 0 0 1 1
1 0 1 0 0 0 0 0 0 0
0 1 0 1 0 0 0 0 0 0
0 0 1 0 1 0 0 0 0 0
0 0 0 1 0 1 0 0 0 0
0 0 0 0 1 0 1 0 0 0
0 0 0 0 0 1 0 1 0 0
0 0 0 0 0 0 1 0 0 0
1 0 0 0 0 0 0 0 0 0
1 0 0 0 0 0 0 0 0 0

0 1 1 0 0 0 0 0 1 1
1 0 0 0 0 0 0 0 0 0
1 0 0 1 0 0 0 0 0 0
0 0 1 0 1 0 0 0 0 0
0 0 0 1 0 1 0 0 0 0
0 0 0 0 1 0 1 0 0 0
0 0 0 0 0 1 0 1 0 0
0 0 0 0 0 0 1 0 0 0
1 0 0 0 0 0 0 0 0 0
1 0 0 0 0 0 0 0 0 0

0 0 1 0 0 0 0 0 1 1
0 0 1 0 0 0 0 0 0 0
1 1 0 1 0 0 0 0 0 0
0 0 1 0 1 0 0 0 0 0
0 0 0 1 0 1 0 0 0 0
0 0 0 0 1 0 1 0 0 0
0 0 0 0 0 1 0 1 0 0
0 0 0 0 0 0 1 0 0 0
1 0 0 0 0 0 0 0 0 0
1 0 0 0 0 0 0 0 0 0

0 1 0 0 0 0 0 0 1 1
1 0 0 1 0 0 0 0 0 0
0 0 0 1 0 0 0 0 0 0
0 1 1 0 1 0 0 0 0 0
0 0 0 1 0 1 0 0 0 0
0 0 0 0 1 0 1 0 0 0
0 0 0 0 0 1 0 1 0 0
0 0 0 0 0 0 1 0 0 0
1 0 0 0 0 0 0 0 0 0
1 0 0 0 0 0 0 0 0 0

0 1 0 1 0 0 0 0 1 1
1 0 1 0 0 0 0 0 0 0
0 1 0 0 0 0 0 0 0 0
1 0 0 0 1 0 0 0 0 0
0 0 0 1 0 1 0 0 0 0
0 0 0 0 1 0 1 0 0 0
0 0 0 0 0 1 0 1 0 0
0 0 0 0 0 0 1 0 0 0
1 0 0 0 0 0 0 0 0 0
1 0 0 0 0 0 0 0 0 0

0 1 0 1 0 0 0 0 1 1
1 0 0 0 0 0 0 0 0 0
0 0 0 1 0 0 0 0 0 0
1 0 1 0 1 0 0 0 0 0
0 0 0 1 0 1 0 0 0 0
0 0 0 0 1 0 1 0 0 0
0 0 0 0 0 1 0 1 0 0
0 0 0 0 0 0 1 0 0 0
1 0 0 0 0 0 0 0 0 0
1 0 0 0 0 0 0 0 0 0

0 0 0 1 0 0 0 0 1 1
0 0 1 0 0 0 0 0 0 0
0 1 0 1 0 0 0 0 0 0
1 0 1 0 1 0 0 0 0 0
0 0 0 1 0 1 0 0 0 0
0 0 0 0 1 0 1 0 0 0
0 0 0 0 0 1 0 1 0 0
0 0 0 0 0 0 1 0 0 0
1 0 0 0 0 0 0 0 0 0
1 0 0 0 0 0 0 0 0 0

0 0 0 1 0 0 0 0 1 1
0 0 0 1 0 0 0 0 0 0
0 0 0 1 0 0 0 0 0 0
1 1 1 0 1 0 0 0 0 0
0 0 0 1 0 1 0 0 0 0
0 0 0 0 1 0 1 0 0 0
0 0 0 0 0 1 0 1 0 0
0 0 0 0 0 0 1 0 0 0
1 0 0 0 0 0 0 0 0 0
1 0 0 0 0 0 0 0 0 0

0 1 0 0 0 0 0 0 1 1
1 0 1 0 0 0 0 0 0 0
0 1 0 0 1 0 0 0 0 0
0 0 0 0 1 0 0 0 0 0
0 0 1 1 0 1 0 0 0 0
0 0 0 0 1 0 1 0 0 0
0 0 0 0 0 1 0 1 0 0
0 0 0 0 0 0 1 0 0 0
1 0 0 0 0 0 0 0 0 0
1 0 0 0 0 0 0 0 0 0

0 1 1 0 0 0 0 0 1 1
1 0 0 0 0 0 0 0 0 0
1 0 0 0 1 0 0 0 0 0
0 0 0 0 1 0 0 0 0 0
0 0 1 1 0 1 0 0 0 0
0 0 0 0 1 0 1 0 0 0
0 0 0 0 0 1 0 1 0 0
0 0 0 0 0 0 1 0 0 0
1 0 0 0 0 0 0 0 0 0
1 0 0 0 0 0 0 0 0 0

0 0 1 0 0 0 0 0 1 1
0 0 1 0 0 0 0 0 0 0
1 1 0 0 1 0 0 0 0 0
0 0 0 0 1 0 0 0 0 0
0 0 1 1 0 1 0 0 0 0
0 0 0 0 1 0 1 0 0 0
0 0 0 0 0 1 0 1 0 0
0 0 0 0 0 0 1 0 0 0
1 0 0 0 0 0 0 0 0 0
1 0 0 0 0 0 0 0 0 0

0 0 1 0 0 0 0 0 1 1
0 0 0 1 0 0 0 0 0 0
1 0 0 0 1 0 0 0 0 0
0 1 0 0 1 0 0 0 0 0
0 0 1 1 0 1 0 0 0 0
0 0 0 0 1 0 1 0 0 0
0 0 0 0 0 1 0 1 0 0
0 0 0 0 0 0 1 0 0 0
1 0 0 0 0 0 0 0 0 0
1 0 0 0 0 0 0 0 0 0

0 1 0 0 0 0 0 0 1 1
1 0 0 0 1 0 0 0 0 0
0 0 0 0 1 0 0 0 0 0
0 0 0 0 1 0 0 0 0 0
0 1 1 1 0 1 0 0 0 0
0 0 0 0 1 0 1 0 0 0
0 0 0 0 0 1 0 1 0 0
0 0 0 0 0 0 1 0 0 0
1 0 0 0 0 0 0 0 0 0
1 0 0 0 0 0 0 0 0 0

0 1 0 0 1 0 0 0 1 1
1 0 1 0 0 0 0 0 0 0
0 1 0 1 0 0 0 0 0 0
0 0 1 0 0 0 0 0 0 0
1 0 0 0 0 1 0 0 0 0
0 0 0 0 1 0 1 0 0 0
0 0 0 0 0 1 0 1 0 0
0 0 0 0 0 0 1 0 0 0
1 0 0 0 0 0 0 0 0 0
1 0 0 0 0 0 0 0 0 0

0 1 0 0 1 0 0 0 1 1
1 0 1 0 0 0 0 0 0 0
0 1 0 0 0 0 0 0 0 0
0 0 0 0 1 0 0 0 0 0
1 0 0 1 0 1 0 0 0 0
0 0 0 0 1 0 1 0 0 0
0 0 0 0 0 1 0 1 0 0
0 0 0 0 0 0 1 0 0 0
1 0 0 0 0 0 0 0 0 0
1 0 0 0 0 0 0 0 0 0

0 1 0 0 1 0 0 0 1 1
1 0 0 0 0 0 0 0 0 0
0 0 0 1 0 0 0 0 0 0
0 0 1 0 1 0 0 0 0 0
1 0 0 1 0 1 0 0 0 0
0 0 0 0 1 0 1 0 0 0
0 0 0 0 0 1 0 1 0 0
0 0 0 0 0 0 1 0 0 0
1 0 0 0 0 0 0 0 0 0
1 0 0 0 0 0 0 0 0 0

0 0 0 0 1 0 0 0 1 1
0 0 1 0 0 0 0 0 0 0
0 1 0 1 0 0 0 0 0 0
0 0 1 0 1 0 0 0 0 0
1 0 0 1 0 1 0 0 0 0
0 0 0 0 1 0 1 0 0 0
0 0 0 0 0 1 0 1 0 0
0 0 0 0 0 0 1 0 0 0
1 0 0 0 0 0 0 0 0 0
1 0 0 0 0 0 0 0 0 0

0 0 0 0 1 0 0 0 1 1
0 0 0 1 0 0 0 0 0 0
0 0 0 1 0 0 0 0 0 0
0 1 1 0 1 0 0 0 0 0
1 0 0 1 0 1 0 0 0 0
0 0 0 0 1 0 1 0 0 0
0 0 0 0 0 1 0 1 0 0
0 0 0 0 0 0 1 0 0 0
1 0 0 0 0 0 0 0 0 0
1 0 0 0 0 0 0 0 0 0

0 1 0 0 1 0 0 0 1 1
1 0 0 0 0 0 0 0 0 0
0 0 0 0 1 0 0 0 0 0
0 0 0 0 1 0 0 0 0 0
1 0 1 1 0 1 0 0 0 0
0 0 0 0 1 0 1 0 0 0
0 0 0 0 0 1 0 1 0 0
0 0 0 0 0 0 1 0 0 0
1 0 0 0 0 0 0 0 0 0
1 0 0 0 0 0 0 0 0 0

0 0 0 0 1 0 0 0 1 1
0 0 1 0 0 0 0 0 0 0
0 1 0 0 1 0 0 0 0 0
0 0 0 0 1 0 0 0 0 0
1 0 1 1 0 1 0 0 0 0
0 0 0 0 1 0 1 0 0 0
0 0 0 0 0 1 0 1 0 0
0 0 0 0 0 0 1 0 0 0
1 0 0 0 0 0 0 0 0 0
1 0 0 0 0 0 0 0 0 0

0 1 0 0 0 0 0 0 1 1
1 0 1 0 0 0 0 0 0 0
0 1 0 1 0 0 0 0 0 0
0 0 1 0 0 1 0 0 0 0
0 0 0 0 0 1 0 0 0 0
0 0 0 1 1 0 1 0 0 0
0 0 0 0 0 1 0 1 0 0
0 0 0 0 0 0 1 0 0 0
1 0 0 0 0 0 0 0 0 0
1 0 0 0 0 0 0 0 0 0

0 1 1 0 0 0 0 0 1 1
1 0 0 0 0 0 0 0 0 0
1 0 0 1 0 0 0 0 0 0
0 0 1 0 0 1 0 0 0 0
0 0 0 0 0 1 0 0 0 0
0 0 0 1 1 0 1 0 0 0
0 0 0 0 0 1 0 1 0 0
0 0 0 0 0 0 1 0 0 0
1 0 0 0 0 0 0 0 0 0
1 0 0 0 0 0 0 0 0 0

0 0 1 0 0 0 0 0 1 1
0 0 1 0 0 0 0 0 0 0
1 1 0 1 0 0 0 0 0 0
0 0 1 0 0 1 0 0 0 0
0 0 0 0 0 1 0 0 0 0
0 0 0 1 1 0 1 0 0 0
0 0 0 0 0 1 0 1 0 0
0 0 0 0 0 0 1 0 0 0
1 0 0 0 0 0 0 0 0 0
1 0 0 0 0 0 0 0 0 0

0 1 0 0 0 0 0 0 1 1
1 0 0 1 0 0 0 0 0 0
0 0 0 1 0 0 0 0 0 0
0 1 1 0 0 1 0 0 0 0
0 0 0 0 0 1 0 0 0 0
0 0 0 1 1 0 1 0 0 0
0 0 0 0 0 1 0 1 0 0
0 0 0 0 0 0 1 0 0 0
1 0 0 0 0 0 0 0 0 0
1 0 0 0 0 0 0 0 0 0

0 1 0 1 0 0 0 0 1 1
1 0 1 0 0 0 0 0 0 0
0 1 0 0 0 0 0 0 0 0
1 0 0 0 0 1 0 0 0 0
0 0 0 0 0 1 0 0 0 0
0 0 0 1 1 0 1 0 0 0
0 0 0 0 0 1 0 1 0 0
0 0 0 0 0 0 1 0 0 0
1 0 0 0 0 0 0 0 0 0
1 0 0 0 0 0 0 0 0 0

0 1 0 1 0 0 0 0 1 1
1 0 0 0 0 0 0 0 0 0
0 0 0 1 0 0 0 0 0 0
1 0 1 0 0 1 0 0 0 0
0 0 0 0 0 1 0 0 0 0
0 0 0 1 1 0 1 0 0 0
0 0 0 0 0 1 0 1 0 0
0 0 0 0 0 0 1 0 0 0
1 0 0 0 0 0 0 0 0 0
1 0 0 0 0 0 0 0 0 0

0 0 0 1 0 0 0 0 1 1
0 0 1 0 0 0 0 0 0 0
0 1 0 1 0 0 0 0 0 0
1 0 1 0 0 1 0 0 0 0
0 0 0 0 0 1 0 0 0 0
0 0 0 1 1 0 1 0 0 0
0 0 0 0 0 1 0 1 0 0
0 0 0 0 0 0 1 0 0 0
1 0 0 0 0 0 0 0 0 0
1 0 0 0 0 0 0 0 0 0

0 0 0 1 0 0 0 0 1 1
0 0 0 1 0 0 0 0 0 0
0 0 0 1 0 0 0 0 0 0
1 1 1 0 0 1 0 0 0 0
0 0 0 0 0 1 0 0 0 0
0 0 0 1 1 0 1 0 0 0
0 0 0 0 0 1 0 1 0 0
0 0 0 0 0 0 1 0 0 0
1 0 0 0 0 0 0 0 0 0
1 0 0 0 0 0 0 0 0 0

0 1 0 0 0 0 0 0 1 1
1 0 0 1 0 0 0 0 0 0
0 0 0 0 1 0 0 0 0 0
0 1 0 0 0 1 0 0 0 0
0 0 1 0 0 1 0 0 0 0
0 0 0 1 1 0 1 0 0 0
0 0 0 0 0 1 0 1 0 0
0 0 0 0 0 0 1 0 0 0
1 0 0 0 0 0 0 0 0 0
1 0 0 0 0 0 0 0 0 0

0 1 0 1 0 0 0 0 1 1
1 0 0 0 0 0 0 0 0 0
0 0 0 0 1 0 0 0 0 0
1 0 0 0 0 1 0 0 0 0
0 0 1 0 0 1 0 0 0 0
0 0 0 1 1 0 1 0 0 0
0 0 0 0 0 1 0 1 0 0
0 0 0 0 0 0 1 0 0 0
1 0 0 0 0 0 0 0 0 0
1 0 0 0 0 0 0 0 0 0

0 0 0 1 0 0 0 0 1 1
0 0 0 1 0 0 0 0 0 0
0 0 0 0 1 0 0 0 0 0
1 1 0 0 0 1 0 0 0 0
0 0 1 0 0 1 0 0 0 0
0 0 0 1 1 0 1 0 0 0
0 0 0 0 0 1 0 1 0 0
0 0 0 0 0 0 1 0 0 0
1 0 0 0 0 0 0 0 0 0
1 0 0 0 0 0 0 0 0 0

0 0 0 1 0 0 0 0 1 1
0 0 0 0 1 0 0 0 0 0
0 0 0 0 1 0 0 0 0 0
1 0 0 0 0 1 0 0 0 0
0 1 1 0 0 1 0 0 0 0
0 0 0 1 1 0 1 0 0 0
0 0 0 0 0 1 0 1 0 0
0 0 0 0 0 0 1 0 0 0
1 0 0 0 0 0 0 0 0 0
1 0 0 0 0 0 0 0 0 0

0 1 0 0 0 0 0 0 1 1
1 0 1 0 0 0 0 0 0 0
0 1 0 0 0 1 0 0 0 0
0 0 0 0 0 1 0 0 0 0
0 0 0 0 0 1 0 0 0 0
0 0 1 1 1 0 1 0 0 0
0 0 0 0 0 1 0 1 0 0
0 0 0 0 0 0 1 0 0 0
1 0 0 0 0 0 0 0 0 0
1 0 0 0 0 0 0 0 0 0

0 1 1 0 0 0 0 0 1 1
1 0 0 0 0 0 0 0 0 0
1 0 0 0 0 1 0 0 0 0
0 0 0 0 0 1 0 0 0 0
0 0 0 0 0 1 0 0 0 0
0 0 1 1 1 0 1 0 0 0
0 0 0 0 0 1 0 1 0 0
0 0 0 0 0 0 1 0 0 0
1 0 0 0 0 0 0 0 0 0
1 0 0 0 0 0 0 0 0 0

0 0 1 0 0 0 0 0 1 1
0 0 1 0 0 0 0 0 0 0
1 1 0 0 0 1 0 0 0 0
0 0 0 0 0 1 0 0 0 0
0 0 0 0 0 1 0 0 0 0
0 0 1 1 1 0 1 0 0 0
0 0 0 0 0 1 0 1 0 0
0 0 0 0 0 0 1 0 0 0
1 0 0 0 0 0 0 0 0 0
1 0 0 0 0 0 0 0 0 0

0 0 1 0 0 0 0 0 1 1
0 0 0 1 0 0 0 0 0 0
1 0 0 0 0 1 0 0 0 0
0 1 0 0 0 1 0 0 0 0
0 0 0 0 0 1 0 0 0 0
0 0 1 1 1 0 1 0 0 0
0 0 0 0 0 1 0 1 0 0
0 0 0 0 0 0 1 0 0 0
1 0 0 0 0 0 0 0 0 0
1 0 0 0 0 0 0 0 0 0

0 0 1 0 0 1 0 0 1 1
0 0 1 0 0 0 0 0 0 0
1 1 0 1 0 0 0 0 0 0
0 0 1 0 1 0 0 0 0 0
0 0 0 1 0 0 0 0 0 0
1 0 0 0 0 0 1 0 0 0
0 0 0 0 0 1 0 1 0 0
0 0 0 0 0 0 1 0 0 0
1 0 0 0 0 0 0 0 0 0
1 0 0 0 0 0 0 0 0 0

0 1 0 0 0 1 0 0 1 1
1 0 1 0 0 0 0 0 0 0
0 1 0 0 0 0 0 0 0 0
0 0 0 0 1 0 0 0 0 0
0 0 0 1 0 1 0 0 0 0
1 0 0 0 1 0 1 0 0 0
0 0 0 0 0 1 0 1 0 0
0 0 0 0 0 0 1 0 0 0
1 0 0 0 0 0 0 0 0 0
1 0 0 0 0 0 0 0 0 0

0 1 0 0 0 1 0 0 1 1
1 0 0 0 0 0 0 0 0 0
0 0 0 0 1 0 0 0 0 0
0 0 0 0 1 0 0 0 0 0
0 0 1 1 0 1 0 0 0 0
1 0 0 0 1 0 1 0 0 0
0 0 0 0 0 1 0 1 0 0
0 0 0 0 0 0 1 0 0 0
1 0 0 0 0 0 0 0 0 0
1 0 0 0 0 0 0 0 0 0

0 1 0 0 0 1 0 0 1 1
1 0 1 0 0 0 0 0 0 0
0 1 0 0 0 0 0 0 0 0
0 0 0 0 0 1 0 0 0 0
0 0 0 0 0 1 0 0 0 0
1 0 0 1 1 0 1 0 0 0
0 0 0 0 0 1 0 1 0 0
0 0 0 0 0 0 1 0 0 0
1 0 0 0 0 0 0 0 0 0
1 0 0 0 0 0 0 0 0 0

0 1 0 0 0 1 0 0 1 1
1 0 0 0 0 0 0 0 0 0
0 0 0 1 0 0 0 0 0 0
0 0 1 0 0 1 0 0 0 0
0 0 0 0 0 1 0 0 0 0
1 0 0 1 1 0 1 0 0 0
0 0 0 0 0 1 0 1 0 0
0 0 0 0 0 0 1 0 0 0
1 0 0 0 0 0 0 0 0 0
1 0 0 0 0 0 0 0 0 0

0 0 0 0 0 1 0 0 1 1
0 0 0 1 0 0 0 0 0 0
0 0 0 1 0 0 0 0 0 0
0 1 1 0 0 1 0 0 0 0
0 0 0 0 0 1 0 0 0 0
1 0 0 1 1 0 1 0 0 0
0 0 0 0 0 1 0 1 0 0
0 0 0 0 0 0 1 0 0 0
1 0 0 0 0 0 0 0 0 0
1 0 0 0 0 0 0 0 0 0

0 0 0 0 0 1 0 0 1 1
0 0 0 1 0 0 0 0 0 0
0 0 0 0 1 0 0 0 0 0
0 1 0 0 0 1 0 0 0 0
0 0 1 0 0 1 0 0 0 0
1 0 0 1 1 0 1 0 0 0
0 0 0 0 0 1 0 1 0 0
0 0 0 0 0 0 1 0 0 0
1 0 0 0 0 0 0 0 0 0
1 0 0 0 0 0 0 0 0 0

0 1 0 0 0 0 0 0 1 1
1 0 1 0 0 0 0 0 0 0
0 1 0 1 0 0 0 0 0 0
0 0 1 0 1 0 0 0 0 0
0 0 0 1 0 0 1 0 0 0
0 0 0 0 0 0 1 0 0 0
0 0 0 0 1 1 0 1 0 0
0 0 0 0 0 0 1 0 0 0
1 0 0 0 0 0 0 0 0 0
1 0 0 0 0 0 0 0 0 0

0 1 1 0 0 0 0 0 1 1
1 0 0 0 0 0 0 0 0 0
1 0 0 1 0 0 0 0 0 0
0 0 1 0 1 0 0 0 0 0
0 0 0 1 0 0 1 0 0 0
0 0 0 0 0 0 1 0 0 0
0 0 0 0 1 1 0 1 0 0
0 0 0 0 0 0 1 0 0 0
1 0 0 0 0 0 0 0 0 0
1 0 0 0 0 0 0 0 0 0

0 0 1 0 0 0 0 0 1 1
0 0 1 0 0 0 0 0 0 0
1 1 0 1 0 0 0 0 0 0
0 0 1 0 1 0 0 0 0 0
0 0 0 1 0 0 1 0 0 0
0 0 0 0 0 0 1 0 0 0
0 0 0 0 1 1 0 1 0 0
0 0 0 0 0 0 1 0 0 0
1 0 0 0 0 0 0 0 0 0
1 0 0 0 0 0 0 0 0 0

0 1 0 0 0 0 0 0 1 1
1 0 0 1 0 0 0 0 0 0
0 0 0 1 0 0 0 0 0 0
0 1 1 0 1 0 0 0 0 0
0 0 0 1 0 0 1 0 0 0
0 0 0 0 0 0 1 0 0 0
0 0 0 0 1 1 0 1 0 0
0 0 0 0 0 0 1 0 0 0
1 0 0 0 0 0 0 0 0 0
1 0 0 0 0 0 0 0 0 0

0 1 0 1 0 0 0 0 1 1
1 0 0 0 0 0 0 0 0 0
0 0 0 1 0 0 0 0 0 0
1 0 1 0 1 0 0 0 0 0
0 0 0 1 0 0 1 0 0 0
0 0 0 0 0 0 1 0 0 0
0 0 0 0 1 1 0 1 0 0
0 0 0 0 0 0 1 0 0 0
1 0 0 0 0 0 0 0 0 0
1 0 0 0 0 0 0 0 0 0

0 0 0 1 0 0 0 0 1 1
0 0 0 1 0 0 0 0 0 0
0 0 0 1 0 0 0 0 0 0
1 1 1 0 1 0 0 0 0 0
0 0 0 1 0 0 1 0 0 0
0 0 0 0 0 0 1 0 0 0
0 0 0 0 1 1 0 1 0 0
0 0 0 0 0 0 1 0 0 0
1 0 0 0 0 0 0 0 0 0
1 0 0 0 0 0 0 0 0 0

0 1 1 0 0 0 0 0 1 1
1 0 0 0 0 0 0 0 0 0
1 0 0 0 1 0 0 0 0 0
0 0 0 0 1 0 0 0 0 0
0 0 1 1 0 0 1 0 0 0
0 0 0 0 0 0 1 0 0 0
0 0 0 0 1 1 0 1 0 0
0 0 0 0 0 0 1 0 0 0
1 0 0 0 0 0 0 0 0 0
1 0 0 0 0 0 0 0 0 0

0 0 1 0 0 0 0 0 1 1
0 0 1 0 0 0 0 0 0 0
1 1 0 0 1 0 0 0 0 0
0 0 0 0 1 0 0 0 0 0
0 0 1 1 0 0 1 0 0 0
0 0 0 0 0 0 1 0 0 0
0 0 0 0 1 1 0 1 0 0
0 0 0 0 0 0 1 0 0 0
1 0 0 0 0 0 0 0 0 0
1 0 0 0 0 0 0 0 0 0

0 0 0 0 1 0 0 0 1 1
0 0 0 1 0 0 0 0 0 0
0 0 0 1 0 0 0 0 0 0
0 1 1 0 1 0 0 0 0 0
1 0 0 1 0 0 1 0 0 0
0 0 0 0 0 0 1 0 0 0
0 0 0 0 1 1 0 1 0 0
0 0 0 0 0 0 1 0 0 0
1 0 0 0 0 0 0 0 0 0
1 0 0 0 0 0 0 0 0 0

0 1 0 0 1 0 0 0 1 1
1 0 0 0 0 0 0 0 0 0
0 0 0 0 1 0 0 0 0 0
0 0 0 0 1 0 0 0 0 0
1 0 1 1 0 0 1 0 0 0
0 0 0 0 0 0 1 0 0 0
0 0 0 0 1 1 0 1 0 0
0 0 0 0 0 0 1 0 0 0
1 0 0 0 0 0 0 0 0 0
1 0 0 0 0 0 0 0 0 0

0 1 1 0 0 0 0 0 1 1
1 0 0 0 0 0 0 0 0 0
1 0 0 1 0 0 0 0 0 0
0 0 1 0 0 0 1 0 0 0
0 0 0 0 0 0 1 0 0 0
0 0 0 0 0 0 1 0 0 0
0 0 0 1 1 1 0 1 0 0
0 0 0 0 0 0 1 0 0 0
1 0 0 0 0 0 0 0 0 0
1 0 0 0 0 0 0 0 0 0

0 1 0 1 0 0 0 0 1 1
1 0 0 0 0 0 0 0 0 0
0 0 0 1 0 0 0 0 0 0
1 0 1 0 0 0 1 0 0 0
0 0 0 0 0 0 1 0 0 0
0 0 0 0 0 0 1 0 0 0
0 0 0 1 1 1 0 1 0 0
0 0 0 0 0 0 1 0 0 0
1 0 0 0 0 0 0 0 0 0
1 0 0 0 0 0 0 0 0 0

0 1 0 0 0 0 0 0 0 1
1 0 1 0 0 0 0 0 1 0
0 1 0 1 0 0 0 0 0 0
0 0 1 0 1 0 0 0 0 0
0 0 0 1 0 1 0 0 0 0
0 0 0 0 1 0 1 0 0 0
0 0 0 0 0 1 0 1 0 0
0 0 0 0 0 0 1 0 0 0
0 1 0 0 0 0 0 0 0 0
1 0 0 0 0 0 0 0 0 0

0 0 1 0 0 0 0 0 0 1
0 0 1 0 0 0 0 0 1 0
1 1 0 1 0 0 0 0 0 0
0 0 1 0 1 0 0 0 0 0
0 0 0 1 0 1 0 0 0 0
0 0 0 0 1 0 1 0 0 0
0 0 0 0 0 1 0 1 0 0
0 0 0 0 0 0 1 0 0 0
0 1 0 0 0 0 0 0 0 0
1 0 0 0 0 0 0 0 0 0

0 0 1 0 0 0 0 0 0 1
0 0 1 1 0 0 0 0 1 0
1 1 0 0 0 0 0 0 0 0
0 1 0 0 1 0 0 0 0 0
0 0 0 1 0 1 0 0 0 0
0 0 0 0 1 0 1 0 0 0
0 0 0 0 0 1 0 1 0 0
0 0 0 0 0 0 1 0 0 0
0 1 0 0 0 0 0 0 0 0
1 0 0 0 0 0 0 0 0 0

0 1 0 0 0 0 0 0 0 1
1 0 0 1 0 0 0 0 1 0
0 0 0 1 0 0 0 0 0 0
0 1 1 0 1 0 0 0 0 0
0 0 0 1 0 1 0 0 0 0
0 0 0 0 1 0 1 0 0 0
0 0 0 0 0 1 0 1 0 0
0 0 0 0 0 0 1 0 0 0
0 1 0 0 0 0 0 0 0 0
1 0 0 0 0 0 0 0 0 0

0 0 1 0 0 0 0 0 0 1
0 0 0 1 0 0 0 0 1 0
1 0 0 1 0 0 0 0 0 0
0 1 1 0 1 0 0 0 0 0
0 0 0 1 0 1 0 0 0 0
0 0 0 0 1 0 1 0 0 0
0 0 0 0 0 1 0 1 0 0
0 0 0 0 0 0 1 0 0 0
0 1 0 0 0 0 0 0 0 0
1 0 0 0 0 0 0 0 0 0

0 0 0 1 0 0 0 0 0 1
0 0 0 1 0 0 0 0 1 0
0 0 0 1 0 0 0 0 0 0
1 1 1 0 1 0 0 0 0 0
0 0 0 1 0 1 0 0 0 0
0 0 0 0 1 0 1 0 0 0
0 0 0 0 0 1 0 1 0 0
0 0 0 0 0 0 1 0 0 0
0 1 0 0 0 0 0 0 0 0
1 0 0 0 0 0 0 0 0 0

0 1 0 0 0 0 0 0 0 1
1 0 1 0 0 0 0 0 1 0
0 1 0 0 1 0 0 0 0 0
0 0 0 0 1 0 0 0 0 0
0 0 1 1 0 1 0 0 0 0
0 0 0 0 1 0 1 0 0 0
0 0 0 0 0 1 0 1 0 0
0 0 0 0 0 0 1 0 0 0
0 1 0 0 0 0 0 0 0 0
1 0 0 0 0 0 0 0 0 0

0 0 1 0 0 0 0 0 0 1
0 0 1 0 0 0 0 0 1 0
1 1 0 0 1 0 0 0 0 0
0 0 0 0 1 0 0 0 0 0
0 0 1 1 0 1 0 0 0 0
0 0 0 0 1 0 1 0 0 0
0 0 0 0 0 1 0 1 0 0
0 0 0 0 0 0 1 0 0 0
0 1 0 0 0 0 0 0 0 0
1 0 0 0 0 0 0 0 0 0

0 0 1 0 0 0 0 0 0 1
0 0 0 1 0 0 0 0 1 0
1 0 0 0 1 0 0 0 0 0
0 1 0 0 1 0 0 0 0 0
0 0 1 1 0 1 0 0 0 0
0 0 0 0 1 0 1 0 0 0
0 0 0 0 0 1 0 1 0 0
0 0 0 0 0 0 1 0 0 0
0 1 0 0 0 0 0 0 0 0
1 0 0 0 0 0 0 0 0 0

0 0 1 0 0 0 0 0 0 1
0 0 0 1 1 0 0 0 1 0
1 0 0 1 0 0 0 0 0 0
0 1 1 0 0 0 0 0 0 0
0 1 0 0 0 1 0 0 0 0
0 0 0 0 1 0 1 0 0 0
0 0 0 0 0 1 0 1 0 0
0 0 0 0 0 0 1 0 0 0
0 1 0 0 0 0 0 0 0 0
1 0 0 0 0 0 0 0 0 0

0 0 1 0 0 0 0 0 0 1
0 0 1 0 1 0 0 0 1 0
1 1 0 0 0 0 0 0 0 0
0 0 0 0 1 0 0 0 0 0
0 1 0 1 0 1 0 0 0 0
0 0 0 0 1 0 1 0 0 0
0 0 0 0 0 1 0 1 0 0
0 0 0 0 0 0 1 0 0 0
0 1 0 0 0 0 0 0 0 0
1 0 0 0 0 0 0 0 0 0

0 1 0 0 0 0 0 0 0 1
1 0 0 0 1 0 0 0 1 0
0 0 0 1 0 0 0 0 0 0
0 0 1 0 1 0 0 0 0 0
0 1 0 1 0 1 0 0 0 0
0 0 0 0 1 0 1 0 0 0
0 0 0 0 0 1 0 1 0 0
0 0 0 0 0 0 1 0 0 0
0 1 0 0 0 0 0 0 0 0
1 0 0 0 0 0 0 0 0 0

0 0 1 0 0 0 0 0 0 1
0 0 0 0 1 0 0 0 1 0
1 0 0 0 1 0 0 0 0 0
0 0 0 0 1 0 0 0 0 0
0 1 1 1 0 1 0 0 0 0
0 0 0 0 1 0 1 0 0 0
0 0 0 0 0 1 0 1 0 0
0 0 0 0 0 0 1 0 0 0
0 1 0 0 0 0 0 0 0 0
1 0 0 0 0 0 0 0 0 0

0 0 0 0 1 0 0 0 0 1
0 0 0 0 1 0 0 0 1 0
0 0 0 1 0 0 0 0 0 0
0 0 1 0 1 0 0 0 0 0
1 1 0 1 0 1 0 0 0 0
0 0 0 0 1 0 1 0 0 0
0 0 0 0 0 1 0 1 0 0
0 0 0 0 0 0 1 0 0 0
0 1 0 0 0 0 0 0 0 0
1 0 0 0 0 0 0 0 0 0

0 1 0 0 0 0 0 0 0 1
1 0 1 0 0 0 0 0 1 0
0 1 0 1 0 0 0 0 0 0
0 0 1 0 0 1 0 0 0 0
0 0 0 0 0 1 0 0 0 0
0 0 0 1 1 0 1 0 0 0
0 0 0 0 0 1 0 1 0 0
0 0 0 0 0 0 1 0 0 0
0 1 0 0 0 0 0 0 0 0
1 0 0 0 0 0 0 0 0 0

0 0 1 0 0 0 0 0 0 1
0 0 1 0 0 0 0 0 1 0
1 1 0 1 0 0 0 0 0 0
0 0 1 0 0 1 0 0 0 0
0 0 0 0 0 1 0 0 0 0
0 0 0 1 1 0 1 0 0 0
0 0 0 0 0 1 0 1 0 0
0 0 0 0 0 0 1 0 0 0
0 1 0 0 0 0 0 0 0 0
1 0 0 0 0 0 0 0 0 0

0 1 0 0 0 0 0 0 0 1
1 0 0 1 0 0 0 0 1 0
0 0 0 1 0 0 0 0 0 0
0 1 1 0 0 1 0 0 0 0
0 0 0 0 0 1 0 0 0 0
0 0 0 1 1 0 1 0 0 0
0 0 0 0 0 1 0 1 0 0
0 0 0 0 0 0 1 0 0 0
0 1 0 0 0 0 0 0 0 0
1 0 0 0 0 0 0 0 0 0

0 0 0 1 0 0 0 0 0 1
0 0 0 1 0 0 0 0 1 0
0 0 0 1 0 0 0 0 0 0
1 1 1 0 0 1 0 0 0 0
0 0 0 0 0 1 0 0 0 0
0 0 0 1 1 0 1 0 0 0
0 0 0 0 0 1 0 1 0 0
0 0 0 0 0 0 1 0 0 0
0 1 0 0 0 0 0 0 0 0
1 0 0 0 0 0 0 0 0 0

0 0 0 1 0 0 0 0 0 1
0 0 0 1 0 0 0 0 1 0
0 0 0 0 1 0 0 0 0 0
1 1 0 0 0 1 0 0 0 0
0 0 1 0 0 1 0 0 0 0
0 0 0 1 1 0 1 0 0 0
0 0 0 0 0 1 0 1 0 0
0 0 0 0 0 0 1 0 0 0
0 1 0 0 0 0 0 0 0 0
1 0 0 0 0 0 0 0 0 0

0 0 1 0 0 0 0 0 0 1
0 0 0 1 0 0 0 0 1 0
1 0 0 0 1 0 0 0 0 0
0 1 0 0 0 1 0 0 0 0
0 0 1 0 0 0 1 0 0 0
0 0 0 1 0 0 0 1 0 0
0 0 0 0 1 0 0 1 0 0
0 0 0 0 0 1 1 0 0 0
0 1 0 0 0 0 0 0 0 0
1 0 0 0 0 0 0 0 0 0

Execution time: 3289350ms
Process returned 0 (0x0)   execution time : 3294.569 s
Press any key to continue.
