10 11 1
163
0 1 0 0 0 0 0 0 0 1 1
1 0 1 0 0 0 0 0 0 0 0
0 1 0 1 0 0 0 0 0 0 0
0 0 1 0 1 0 0 0 0 0 0
0 0 0 1 0 1 0 0 0 0 0
0 0 0 0 1 0 1 0 0 0 0
0 0 0 0 0 1 0 1 0 0 0
0 0 0 0 0 0 1 0 1 0 0
0 0 0 0 0 0 0 1 0 0 0
1 0 0 0 0 0 0 0 0 0 0
1 0 0 0 0 0 0 0 0 0 0

0 1 1 0 0 0 0 0 0 1 1
1 0 0 0 0 0 0 0 0 0 0
1 0 0 1 0 0 0 0 0 0 0
0 0 1 0 1 0 0 0 0 0 0
0 0 0 1 0 1 0 0 0 0 0
0 0 0 0 1 0 1 0 0 0 0
0 0 0 0 0 1 0 1 0 0 0
0 0 0 0 0 0 1 0 1 0 0
0 0 0 0 0 0 0 1 0 0 0
1 0 0 0 0 0 0 0 0 0 0
1 0 0 0 0 0 0 0 0 0 0

0 0 1 0 0 0 0 0 0 1 1
0 0 1 0 0 0 0 0 0 0 0
1 1 0 1 0 0 0 0 0 0 0
0 0 1 0 1 0 0 0 0 0 0
0 0 0 1 0 1 0 0 0 0 0
0 0 0 0 1 0 1 0 0 0 0
0 0 0 0 0 1 0 1 0 0 0
0 0 0 0 0 0 1 0 1 0 0
0 0 0 0 0 0 0 1 0 0 0
1 0 0 0 0 0 0 0 0 0 0
1 0 0 0 0 0 0 0 0 0 0

0 1 0 0 0 0 0 0 0 1 1
1 0 0 1 0 0 0 0 0 0 0
0 0 0 1 0 0 0 0 0 0 0
0 1 1 0 1 0 0 0 0 0 0
0 0 0 1 0 1 0 0 0 0 0
0 0 0 0 1 0 1 0 0 0 0
0 0 0 0 0 1 0 1 0 0 0
0 0 0 0 0 0 1 0 1 0 0
0 0 0 0 0 0 0 1 0 0 0
1 0 0 0 0 0 0 0 0 0 0
1 0 0 0 0 0 0 0 0 0 0

0 1 0 1 0 0 0 0 0 1 1
1 0 1 0 0 0 0 0 0 0 0
0 1 0 0 0 0 0 0 0 0 0
1 0 0 0 1 0 0 0 0 0 0
0 0 0 1 0 1 0 0 0 0 0
0 0 0 0 1 0 1 0 0 0 0
0 0 0 0 0 1 0 1 0 0 0
0 0 0 0 0 0 1 0 1 0 0
0 0 0 0 0 0 0 1 0 0 0
1 0 0 0 0 0 0 0 0 0 0
1 0 0 0 0 0 0 0 0 0 0

0 1 0 1 0 0 0 0 0 1 1
1 0 0 0 0 0 0 0 0 0 0
0 0 0 1 0 0 0 0 0 0 0
1 0 1 0 1 0 0 0 0 0 0
0 0 0 1 0 1 0 0 0 0 0
0 0 0 0 1 0 1 0 0 0 0
0 0 0 0 0 1 0 1 0 0 0
0 0 0 0 0 0 1 0 1 0 0
0 0 0 0 0 0 0 1 0 0 0
1 0 0 0 0 0 0 0 0 0 0
1 0 0 0 0 0 0 0 0 0 0

0 0 0 1 0 0 0 0 0 1 1
0 0 1 0 0 0 0 0 0 0 0
0 1 0 1 0 0 0 0 0 0 0
1 0 1 0 1 0 0 0 0 0 0
0 0 0 1 0 1 0 0 0 0 0
0 0 0 0 1 0 1 0 0 0 0
0 0 0 0 0 1 0 1 0 0 0
0 0 0 0 0 0 1 0 1 0 0
0 0 0 0 0 0 0 1 0 0 0
1 0 0 0 0 0 0 0 0 0 0
1 0 0 0 0 0 0 0 0 0 0

0 0 0 1 0 0 0 0 0 1 1
0 0 0 1 0 0 0 0 0 0 0
0 0 0 1 0 0 0 0 0 0 0
1 1 1 0 1 0 0 0 0 0 0
0 0 0 1 0 1 0 0 0 0 0
0 0 0 0 1 0 1 0 0 0 0
0 0 0 0 0 1 0 1 0 0 0
0 0 0 0 0 0 1 0 1 0 0
0 0 0 0 0 0 0 1 0 0 0
1 0 0 0 0 0 0 0 0 0 0
1 0 0 0 0 0 0 0 0 0 0

0 1 0 0 0 0 0 0 0 1 1
1 0 1 0 0 0 0 0 0 0 0
0 1 0 0 1 0 0 0 0 0 0
0 0 0 0 1 0 0 0 0 0 0
0 0 1 1 0 1 0 0 0 0 0
0 0 0 0 1 0 1 0 0 0 0
0 0 0 0 0 1 0 1 0 0 0
0 0 0 0 0 0 1 0 1 0 0
0 0 0 0 0 0 0 1 0 0 0
1 0 0 0 0 0 0 0 0 0 0
1 0 0 0 0 0 0 0 0 0 0

0 1 1 0 0 0 0 0 0 1 1
1 0 0 0 0 0 0 0 0 0 0
1 0 0 0 1 0 0 0 0 0 0
0 0 0 0 1 0 0 0 0 0 0
0 0 1 1 0 1 0 0 0 0 0
0 0 0 0 1 0 1 0 0 0 0
0 0 0 0 0 1 0 1 0 0 0
0 0 0 0 0 0 1 0 1 0 0
0 0 0 0 0 0 0 1 0 0 0
1 0 0 0 0 0 0 0 0 0 0
1 0 0 0 0 0 0 0 0 0 0

0 0 1 0 0 0 0 0 0 1 1
0 0 1 0 0 0 0 0 0 0 0
1 1 0 0 1 0 0 0 0 0 0
0 0 0 0 1 0 0 0 0 0 0
0 0 1 1 0 1 0 0 0 0 0
0 0 0 0 1 0 1 0 0 0 0
0 0 0 0 0 1 0 1 0 0 0
0 0 0 0 0 0 1 0 1 0 0
0 0 0 0 0 0 0 1 0 0 0
1 0 0 0 0 0 0 0 0 0 0
1 0 0 0 0 0 0 0 0 0 0

0 0 1 0 0 0 0 0 0 1 1
0 0 0 1 0 0 0 0 0 0 0
1 0 0 0 1 0 0 0 0 0 0
0 1 0 0 1 0 0 0 0 0 0
0 0 1 1 0 1 0 0 0 0 0
0 0 0 0 1 0 1 0 0 0 0
0 0 0 0 0 1 0 1 0 0 0
0 0 0 0 0 0 1 0 1 0 0
0 0 0 0 0 0 0 1 0 0 0
1 0 0 0 0 0 0 0 0 0 0
1 0 0 0 0 0 0 0 0 0 0

0 1 0 0 0 0 0 0 0 1 1
1 0 0 0 1 0 0 0 0 0 0
0 0 0 0 1 0 0 0 0 0 0
0 0 0 0 1 0 0 0 0 0 0
0 1 1 1 0 1 0 0 0 0 0
0 0 0 0 1 0 1 0 0 0 0
0 0 0 0 0 1 0 1 0 0 0
0 0 0 0 0 0 1 0 1 0 0
0 0 0 0 0 0 0 1 0 0 0
1 0 0 0 0 0 0 0 0 0 0
1 0 0 0 0 0 0 0 0 0 0

0 1 0 0 1 0 0 0 0 1 1
1 0 1 0 0 0 0 0 0 0 0
0 1 0 1 0 0 0 0 0 0 0
0 0 1 0 0 0 0 0 0 0 0
1 0 0 0 0 1 0 0 0 0 0
0 0 0 0 1 0 1 0 0 0 0
0 0 0 0 0 1 0 1 0 0 0
0 0 0 0 0 0 1 0 1 0 0
0 0 0 0 0 0 0 1 0 0 0
1 0 0 0 0 0 0 0 0 0 0
1 0 0 0 0 0 0 0 0 0 0

0 1 0 0 1 0 0 0 0 1 1
1 0 1 0 0 0 0 0 0 0 0
0 1 0 0 0 0 0 0 0 0 0
0 0 0 0 1 0 0 0 0 0 0
1 0 0 1 0 1 0 0 0 0 0
0 0 0 0 1 0 1 0 0 0 0
0 0 0 0 0 1 0 1 0 0 0
0 0 0 0 0 0 1 0 1 0 0
0 0 0 0 0 0 0 1 0 0 0
1 0 0 0 0 0 0 0 0 0 0
1 0 0 0 0 0 0 0 0 0 0

0 1 0 0 1 0 0 0 0 1 1
1 0 0 0 0 0 0 0 0 0 0
0 0 0 1 0 0 0 0 0 0 0
0 0 1 0 1 0 0 0 0 0 0
1 0 0 1 0 1 0 0 0 0 0
0 0 0 0 1 0 1 0 0 0 0
0 0 0 0 0 1 0 1 0 0 0
0 0 0 0 0 0 1 0 1 0 0
0 0 0 0 0 0 0 1 0 0 0
1 0 0 0 0 0 0 0 0 0 0
1 0 0 0 0 0 0 0 0 0 0

0 0 0 0 1 0 0 0 0 1 1
0 0 1 0 0 0 0 0 0 0 0
0 1 0 1 0 0 0 0 0 0 0
0 0 1 0 1 0 0 0 0 0 0
1 0 0 1 0 1 0 0 0 0 0
0 0 0 0 1 0 1 0 0 0 0
0 0 0 0 0 1 0 1 0 0 0
0 0 0 0 0 0 1 0 1 0 0
0 0 0 0 0 0 0 1 0 0 0
1 0 0 0 0 0 0 0 0 0 0
1 0 0 0 0 0 0 0 0 0 0

0 0 0 0 1 0 0 0 0 1 1
0 0 0 1 0 0 0 0 0 0 0
0 0 0 1 0 0 0 0 0 0 0
0 1 1 0 1 0 0 0 0 0 0
1 0 0 1 0 1 0 0 0 0 0
0 0 0 0 1 0 1 0 0 0 0
0 0 0 0 0 1 0 1 0 0 0
0 0 0 0 0 0 1 0 1 0 0
0 0 0 0 0 0 0 1 0 0 0
1 0 0 0 0 0 0 0 0 0 0
1 0 0 0 0 0 0 0 0 0 0

0 1 0 0 1 0 0 0 0 1 1
1 0 0 0 0 0 0 0 0 0 0
0 0 0 0 1 0 0 0 0 0 0
0 0 0 0 1 0 0 0 0 0 0
1 0 1 1 0 1 0 0 0 0 0
0 0 0 0 1 0 1 0 0 0 0
0 0 0 0 0 1 0 1 0 0 0
0 0 0 0 0 0 1 0 1 0 0
0 0 0 0 0 0 0 1 0 0 0
1 0 0 0 0 0 0 0 0 0 0
1 0 0 0 0 0 0 0 0 0 0

0 0 0 0 1 0 0 0 0 1 1
0 0 1 0 0 0 0 0 0 0 0
0 1 0 0 1 0 0 0 0 0 0
0 0 0 0 1 0 0 0 0 0 0
1 0 1 1 0 1 0 0 0 0 0
0 0 0 0 1 0 1 0 0 0 0
0 0 0 0 0 1 0 1 0 0 0
0 0 0 0 0 0 1 0 1 0 0
0 0 0 0 0 0 0 1 0 0 0
1 0 0 0 0 0 0 0 0 0 0
1 0 0 0 0 0 0 0 0 0 0

0 1 0 0 0 0 0 0 0 1 1
1 0 1 0 0 0 0 0 0 0 0
0 1 0 1 0 0 0 0 0 0 0
0 0 1 0 0 1 0 0 0 0 0
0 0 0 0 0 1 0 0 0 0 0
0 0 0 1 1 0 1 0 0 0 0
0 0 0 0 0 1 0 1 0 0 0
0 0 0 0 0 0 1 0 1 0 0
0 0 0 0 0 0 0 1 0 0 0
1 0 0 0 0 0 0 0 0 0 0
1 0 0 0 0 0 0 0 0 0 0

0 1 1 0 0 0 0 0 0 1 1
1 0 0 0 0 0 0 0 0 0 0
1 0 0 1 0 0 0 0 0 0 0
0 0 1 0 0 1 0 0 0 0 0
0 0 0 0 0 1 0 0 0 0 0
0 0 0 1 1 0 1 0 0 0 0
0 0 0 0 0 1 0 1 0 0 0
0 0 0 0 0 0 1 0 1 0 0
0 0 0 0 0 0 0 1 0 0 0
1 0 0 0 0 0 0 0 0 0 0
1 0 0 0 0 0 0 0 0 0 0

0 0 1 0 0 0 0 0 0 1 1
0 0 1 0 0 0 0 0 0 0 0
1 1 0 1 0 0 0 0 0 0 0
0 0 1 0 0 1 0 0 0 0 0
0 0 0 0 0 1 0 0 0 0 0
0 0 0 1 1 0 1 0 0 0 0
0 0 0 0 0 1 0 1 0 0 0
0 0 0 0 0 0 1 0 1 0 0
0 0 0 0 0 0 0 1 0 0 0
1 0 0 0 0 0 0 0 0 0 0
1 0 0 0 0 0 0 0 0 0 0

0 1 0 0 0 0 0 0 0 1 1
1 0 0 1 0 0 0 0 0 0 0
0 0 0 1 0 0 0 0 0 0 0
0 1 1 0 0 1 0 0 0 0 0
0 0 0 0 0 1 0 0 0 0 0
0 0 0 1 1 0 1 0 0 0 0
0 0 0 0 0 1 0 1 0 0 0
0 0 0 0 0 0 1 0 1 0 0
0 0 0 0 0 0 0 1 0 0 0
1 0 0 0 0 0 0 0 0 0 0
1 0 0 0 0 0 0 0 0 0 0

0 1 0 1 0 0 0 0 0 1 1
1 0 1 0 0 0 0 0 0 0 0
0 1 0 0 0 0 0 0 0 0 0
1 0 0 0 0 1 0 0 0 0 0
0 0 0 0 0 1 0 0 0 0 0
0 0 0 1 1 0 1 0 0 0 0
0 0 0 0 0 1 0 1 0 0 0
0 0 0 0 0 0 1 0 1 0 0
0 0 0 0 0 0 0 1 0 0 0
1 0 0 0 0 0 0 0 0 0 0
1 0 0 0 0 0 0 0 0 0 0

0 1 0 1 0 0 0 0 0 1 1
1 0 0 0 0 0 0 0 0 0 0
0 0 0 1 0 0 0 0 0 0 0
1 0 1 0 0 1 0 0 0 0 0
0 0 0 0 0 1 0 0 0 0 0
0 0 0 1 1 0 1 0 0 0 0
0 0 0 0 0 1 0 1 0 0 0
0 0 0 0 0 0 1 0 1 0 0
0 0 0 0 0 0 0 1 0 0 0
1 0 0 0 0 0 0 0 0 0 0
1 0 0 0 0 0 0 0 0 0 0

0 0 0 1 0 0 0 0 0 1 1
0 0 1 0 0 0 0 0 0 0 0
0 1 0 1 0 0 0 0 0 0 0
1 0 1 0 0 1 0 0 0 0 0
0 0 0 0 0 1 0 0 0 0 0
0 0 0 1 1 0 1 0 0 0 0
0 0 0 0 0 1 0 1 0 0 0
0 0 0 0 0 0 1 0 1 0 0
0 0 0 0 0 0 0 1 0 0 0
1 0 0 0 0 0 0 0 0 0 0
1 0 0 0 0 0 0 0 0 0 0

0 0 0 1 0 0 0 0 0 1 1
0 0 0 1 0 0 0 0 0 0 0
0 0 0 1 0 0 0 0 0 0 0
1 1 1 0 0 1 0 0 0 0 0
0 0 0 0 0 1 0 0 0 0 0
0 0 0 1 1 0 1 0 0 0 0
0 0 0 0 0 1 0 1 0 0 0
0 0 0 0 0 0 1 0 1 0 0
0 0 0 0 0 0 0 1 0 0 0
1 0 0 0 0 0 0 0 0 0 0
1 0 0 0 0 0 0 0 0 0 0

0 1 0 0 0 0 0 0 0 1 1
1 0 0 1 0 0 0 0 0 0 0
0 0 0 0 1 0 0 0 0 0 0
0 1 0 0 0 1 0 0 0 0 0
0 0 1 0 0 1 0 0 0 0 0
0 0 0 1 1 0 1 0 0 0 0
0 0 0 0 0 1 0 1 0 0 0
0 0 0 0 0 0 1 0 1 0 0
0 0 0 0 0 0 0 1 0 0 0
1 0 0 0 0 0 0 0 0 0 0
1 0 0 0 0 0 0 0 0 0 0

0 1 0 1 0 0 0 0 0 1 1
1 0 0 0 0 0 0 0 0 0 0
0 0 0 0 1 0 0 0 0 0 0
1 0 0 0 0 1 0 0 0 0 0
0 0 1 0 0 1 0 0 0 0 0
0 0 0 1 1 0 1 0 0 0 0
0 0 0 0 0 1 0 1 0 0 0
0 0 0 0 0 0 1 0 1 0 0
0 0 0 0 0 0 0 1 0 0 0
1 0 0 0 0 0 0 0 0 0 0
1 0 0 0 0 0 0 0 0 0 0

0 0 0 1 0 0 0 0 0 1 1
0 0 1 0 0 0 0 0 0 0 0
0 1 0 0 1 0 0 0 0 0 0
1 0 0 0 0 1 0 0 0 0 0
0 0 1 0 0 1 0 0 0 0 0
0 0 0 1 1 0 1 0 0 0 0
0 0 0 0 0 1 0 1 0 0 0
0 0 0 0 0 0 1 0 1 0 0
0 0 0 0 0 0 0 1 0 0 0
1 0 0 0 0 0 0 0 0 0 0
1 0 0 0 0 0 0 0 0 0 0

0 0 0 1 0 0 0 0 0 1 1
0 0 0 1 0 0 0 0 0 0 0
0 0 0 0 1 0 0 0 0 0 0
1 1 0 0 0 1 0 0 0 0 0
0 0 1 0 0 1 0 0 0 0 0
0 0 0 1 1 0 1 0 0 0 0
0 0 0 0 0 1 0 1 0 0 0
0 0 0 0 0 0 1 0 1 0 0
0 0 0 0 0 0 0 1 0 0 0
1 0 0 0 0 0 0 0 0 0 0
1 0 0 0 0 0 0 0 0 0 0

0 0 0 1 0 0 0 0 0 1 1
0 0 0 0 1 0 0 0 0 0 0
0 0 0 0 1 0 0 0 0 0 0
1 0 0 0 0 1 0 0 0 0 0
0 1 1 0 0 1 0 0 0 0 0
0 0 0 1 1 0 1 0 0 0 0
0 0 0 0 0 1 0 1 0 0 0
0 0 0 0 0 0 1 0 1 0 0
0 0 0 0 0 0 0 1 0 0 0
1 0 0 0 0 0 0 0 0 0 0
1 0 0 0 0 0 0 0 0 0 0

0 1 0 0 0 0 0 0 0 1 1
1 0 1 0 0 0 0 0 0 0 0
0 1 0 0 0 1 0 0 0 0 0
0 0 0 0 0 1 0 0 0 0 0
0 0 0 0 0 1 0 0 0 0 0
0 0 1 1 1 0 1 0 0 0 0
0 0 0 0 0 1 0 1 0 0 0
0 0 0 0 0 0 1 0 1 0 0
0 0 0 0 0 0 0 1 0 0 0
1 0 0 0 0 0 0 0 0 0 0
1 0 0 0 0 0 0 0 0 0 0

0 1 1 0 0 0 0 0 0 1 1
1 0 0 0 0 0 0 0 0 0 0
1 0 0 0 0 1 0 0 0 0 0
0 0 0 0 0 1 0 0 0 0 0
0 0 0 0 0 1 0 0 0 0 0
0 0 1 1 1 0 1 0 0 0 0
0 0 0 0 0 1 0 1 0 0 0
0 0 0 0 0 0 1 0 1 0 0
0 0 0 0 0 0 0 1 0 0 0
1 0 0 0 0 0 0 0 0 0 0
1 0 0 0 0 0 0 0 0 0 0

0 0 1 0 0 0 0 0 0 1 1
0 0 1 0 0 0 0 0 0 0 0
1 1 0 0 0 1 0 0 0 0 0
0 0 0 0 0 1 0 0 0 0 0
0 0 0 0 0 1 0 0 0 0 0
0 0 1 1 1 0 1 0 0 0 0
0 0 0 0 0 1 0 1 0 0 0
0 0 0 0 0 0 1 0 1 0 0
0 0 0 0 0 0 0 1 0 0 0
1 0 0 0 0 0 0 0 0 0 0
1 0 0 0 0 0 0 0 0 0 0

0 0 1 0 0 0 0 0 0 1 1
0 0 0 1 0 0 0 0 0 0 0
1 0 0 0 0 1 0 0 0 0 0
0 1 0 0 0 1 0 0 0 0 0
0 0 0 0 0 1 0 0 0 0 0
0 0 1 1 1 0 1 0 0 0 0
0 0 0 0 0 1 0 1 0 0 0
0 0 0 0 0 0 1 0 1 0 0
0 0 0 0 0 0 0 1 0 0 0
1 0 0 0 0 0 0 0 0 0 0
1 0 0 0 0 0 0 0 0 0 0

0 1 0 0 0 1 0 0 0 1 1
1 0 1 0 0 0 0 0 0 0 0
0 1 0 1 0 0 0 0 0 0 0
0 0 1 0 1 0 0 0 0 0 0
0 0 0 1 0 0 0 0 0 0 0
1 0 0 0 0 0 1 0 0 0 0
0 0 0 0 0 1 0 1 0 0 0
0 0 0 0 0 0 1 0 1 0 0
0 0 0 0 0 0 0 1 0 0 0
1 0 0 0 0 0 0 0 0 0 0
1 0 0 0 0 0 0 0 0 0 0

0 0 1 0 0 1 0 0 0 1 1
0 0 1 0 0 0 0 0 0 0 0
1 1 0 1 0 0 0 0 0 0 0
0 0 1 0 1 0 0 0 0 0 0
0 0 0 1 0 0 0 0 0 0 0
1 0 0 0 0 0 1 0 0 0 0
0 0 0 0 0 1 0 1 0 0 0
0 0 0 0 0 0 1 0 1 0 0
0 0 0 0 0 0 0 1 0 0 0
1 0 0 0 0 0 0 0 0 0 0
1 0 0 0 0 0 0 0 0 0 0

0 1 0 0 0 1 0 0 0 1 1
1 0 1 0 0 0 0 0 0 0 0
0 1 0 1 0 0 0 0 0 0 0
0 0 1 0 0 0 0 0 0 0 0
0 0 0 0 0 1 0 0 0 0 0
1 0 0 0 1 0 1 0 0 0 0
0 0 0 0 0 1 0 1 0 0 0
0 0 0 0 0 0 1 0 1 0 0
0 0 0 0 0 0 0 1 0 0 0
1 0 0 0 0 0 0 0 0 0 0
1 0 0 0 0 0 0 0 0 0 0

0 1 0 0 0 1 0 0 0 1 1
1 0 1 0 0 0 0 0 0 0 0
0 1 0 0 0 0 0 0 0 0 0
0 0 0 0 1 0 0 0 0 0 0
0 0 0 1 0 1 0 0 0 0 0
1 0 0 0 1 0 1 0 0 0 0
0 0 0 0 0 1 0 1 0 0 0
0 0 0 0 0 0 1 0 1 0 0
0 0 0 0 0 0 0 1 0 0 0
1 0 0 0 0 0 0 0 0 0 0
1 0 0 0 0 0 0 0 0 0 0

0 1 0 0 0 1 0 0 0 1 1
1 0 0 0 0 0 0 0 0 0 0
0 0 0 1 0 0 0 0 0 0 0
0 0 1 0 1 0 0 0 0 0 0
0 0 0 1 0 1 0 0 0 0 0
1 0 0 0 1 0 1 0 0 0 0
0 0 0 0 0 1 0 1 0 0 0
0 0 0 0 0 0 1 0 1 0 0
0 0 0 0 0 0 0 1 0 0 0
1 0 0 0 0 0 0 0 0 0 0
1 0 0 0 0 0 0 0 0 0 0

0 1 0 0 0 1 0 0 0 1 1
1 0 0 0 0 0 0 0 0 0 0
0 0 0 0 1 0 0 0 0 0 0
0 0 0 0 1 0 0 0 0 0 0
0 0 1 1 0 1 0 0 0 0 0
1 0 0 0 1 0 1 0 0 0 0
0 0 0 0 0 1 0 1 0 0 0
0 0 0 0 0 0 1 0 1 0 0
0 0 0 0 0 0 0 1 0 0 0
1 0 0 0 0 0 0 0 0 0 0
1 0 0 0 0 0 0 0 0 0 0

0 0 0 0 0 1 0 0 0 1 1
0 0 1 0 0 0 0 0 0 0 0
0 1 0 0 1 0 0 0 0 0 0
0 0 0 0 1 0 0 0 0 0 0
0 0 1 1 0 1 0 0 0 0 0
1 0 0 0 1 0 1 0 0 0 0
0 0 0 0 0 1 0 1 0 0 0
0 0 0 0 0 0 1 0 1 0 0
0 0 0 0 0 0 0 1 0 0 0
1 0 0 0 0 0 0 0 0 0 0
1 0 0 0 0 0 0 0 0 0 0

0 1 0 0 0 1 0 0 0 1 1
1 0 1 0 0 0 0 0 0 0 0
0 1 0 0 0 0 0 0 0 0 0
0 0 0 0 0 1 0 0 0 0 0
0 0 0 0 0 1 0 0 0 0 0
1 0 0 1 1 0 1 0 0 0 0
0 0 0 0 0 1 0 1 0 0 0
0 0 0 0 0 0 1 0 1 0 0
0 0 0 0 0 0 0 1 0 0 0
1 0 0 0 0 0 0 0 0 0 0
1 0 0 0 0 0 0 0 0 0 0

0 1 0 0 0 1 0 0 0 1 1
1 0 0 0 0 0 0 0 0 0 0
0 0 0 1 0 0 0 0 0 0 0
0 0 1 0 0 1 0 0 0 0 0
0 0 0 0 0 1 0 0 0 0 0
1 0 0 1 1 0 1 0 0 0 0
0 0 0 0 0 1 0 1 0 0 0
0 0 0 0 0 0 1 0 1 0 0
0 0 0 0 0 0 0 1 0 0 0
1 0 0 0 0 0 0 0 0 0 0
1 0 0 0 0 0 0 0 0 0 0

0 0 0 0 0 1 0 0 0 1 1
0 0 1 0 0 0 0 0 0 0 0
0 1 0 1 0 0 0 0 0 0 0
0 0 1 0 0 1 0 0 0 0 0
0 0 0 0 0 1 0 0 0 0 0
1 0 0 1 1 0 1 0 0 0 0
0 0 0 0 0 1 0 1 0 0 0
0 0 0 0 0 0 1 0 1 0 0
0 0 0 0 0 0 0 1 0 0 0
1 0 0 0 0 0 0 0 0 0 0
1 0 0 0 0 0 0 0 0 0 0

0 0 0 0 0 1 0 0 0 1 1
0 0 0 1 0 0 0 0 0 0 0
0 0 0 1 0 0 0 0 0 0 0
0 1 1 0 0 1 0 0 0 0 0
0 0 0 0 0 1 0 0 0 0 0
1 0 0 1 1 0 1 0 0 0 0
0 0 0 0 0 1 0 1 0 0 0
0 0 0 0 0 0 1 0 1 0 0
0 0 0 0 0 0 0 1 0 0 0
1 0 0 0 0 0 0 0 0 0 0
1 0 0 0 0 0 0 0 0 0 0

0 0 0 0 0 1 0 0 0 1 1
0 0 0 1 0 0 0 0 0 0 0
0 0 0 0 1 0 0 0 0 0 0
0 1 0 0 0 1 0 0 0 0 0
0 0 1 0 0 1 0 0 0 0 0
1 0 0 1 1 0 1 0 0 0 0
0 0 0 0 0 1 0 1 0 0 0
0 0 0 0 0 0 1 0 1 0 0
0 0 0 0 0 0 0 1 0 0 0
1 0 0 0 0 0 0 0 0 0 0
1 0 0 0 0 0 0 0 0 0 0

0 1 0 0 0 0 0 0 0 1 1
1 0 1 0 0 0 0 0 0 0 0
0 1 0 1 0 0 0 0 0 0 0
0 0 1 0 1 0 0 0 0 0 0
0 0 0 1 0 0 1 0 0 0 0
0 0 0 0 0 0 1 0 0 0 0
0 0 0 0 1 1 0 1 0 0 0
0 0 0 0 0 0 1 0 1 0 0
0 0 0 0 0 0 0 1 0 0 0
1 0 0 0 0 0 0 0 0 0 0
1 0 0 0 0 0 0 0 0 0 0

0 1 1 0 0 0 0 0 0 1 1
1 0 0 0 0 0 0 0 0 0 0
1 0 0 1 0 0 0 0 0 0 0
0 0 1 0 1 0 0 0 0 0 0
0 0 0 1 0 0 1 0 0 0 0
0 0 0 0 0 0 1 0 0 0 0
0 0 0 0 1 1 0 1 0 0 0
0 0 0 0 0 0 1 0 1 0 0
0 0 0 0 0 0 0 1 0 0 0
1 0 0 0 0 0 0 0 0 0 0
1 0 0 0 0 0 0 0 0 0 0

0 0 1 0 0 0 0 0 0 1 1
0 0 1 0 0 0 0 0 0 0 0
1 1 0 1 0 0 0 0 0 0 0
0 0 1 0 1 0 0 0 0 0 0
0 0 0 1 0 0 1 0 0 0 0
0 0 0 0 0 0 1 0 0 0 0
0 0 0 0 1 1 0 1 0 0 0
0 0 0 0 0 0 1 0 1 0 0
0 0 0 0 0 0 0 1 0 0 0
1 0 0 0 0 0 0 0 0 0 0
1 0 0 0 0 0 0 0 0 0 0

0 1 0 0 0 0 0 0 0 1 1
1 0 0 1 0 0 0 0 0 0 0
0 0 0 1 0 0 0 0 0 0 0
0 1 1 0 1 0 0 0 0 0 0
0 0 0 1 0 0 1 0 0 0 0
0 0 0 0 0 0 1 0 0 0 0
0 0 0 0 1 1 0 1 0 0 0
0 0 0 0 0 0 1 0 1 0 0
0 0 0 0 0 0 0 1 0 0 0
1 0 0 0 0 0 0 0 0 0 0
1 0 0 0 0 0 0 0 0 0 0

0 1 0 1 0 0 0 0 0 1 1
1 0 1 0 0 0 0 0 0 0 0
0 1 0 0 0 0 0 0 0 0 0
1 0 0 0 1 0 0 0 0 0 0
0 0 0 1 0 0 1 0 0 0 0
0 0 0 0 0 0 1 0 0 0 0
0 0 0 0 1 1 0 1 0 0 0
0 0 0 0 0 0 1 0 1 0 0
0 0 0 0 0 0 0 1 0 0 0
1 0 0 0 0 0 0 0 0 0 0
1 0 0 0 0 0 0 0 0 0 0

0 1 0 1 0 0 0 0 0 1 1
1 0 0 0 0 0 0 0 0 0 0
0 0 0 1 0 0 0 0 0 0 0
1 0 1 0 1 0 0 0 0 0 0
0 0 0 1 0 0 1 0 0 0 0
0 0 0 0 0 0 1 0 0 0 0
0 0 0 0 1 1 0 1 0 0 0
0 0 0 0 0 0 1 0 1 0 0
0 0 0 0 0 0 0 1 0 0 0
1 0 0 0 0 0 0 0 0 0 0
1 0 0 0 0 0 0 0 0 0 0

0 0 0 1 0 0 0 0 0 1 1
0 0 1 0 0 0 0 0 0 0 0
0 1 0 1 0 0 0 0 0 0 0
1 0 1 0 1 0 0 0 0 0 0
0 0 0 1 0 0 1 0 0 0 0
0 0 0 0 0 0 1 0 0 0 0
0 0 0 0 1 1 0 1 0 0 0
0 0 0 0 0 0 1 0 1 0 0
0 0 0 0 0 0 0 1 0 0 0
1 0 0 0 0 0 0 0 0 0 0
1 0 0 0 0 0 0 0 0 0 0

0 0 0 1 0 0 0 0 0 1 1
0 0 0 1 0 0 0 0 0 0 0
0 0 0 1 0 0 0 0 0 0 0
1 1 1 0 1 0 0 0 0 0 0
0 0 0 1 0 0 1 0 0 0 0
0 0 0 0 0 0 1 0 0 0 0
0 0 0 0 1 1 0 1 0 0 0
0 0 0 0 0 0 1 0 1 0 0
0 0 0 0 0 0 0 1 0 0 0
1 0 0 0 0 0 0 0 0 0 0
1 0 0 0 0 0 0 0 0 0 0

0 1 0 0 0 0 0 0 0 1 1
1 0 1 0 0 0 0 0 0 0 0
0 1 0 0 1 0 0 0 0 0 0
0 0 0 0 1 0 0 0 0 0 0
0 0 1 1 0 0 1 0 0 0 0
0 0 0 0 0 0 1 0 0 0 0
0 0 0 0 1 1 0 1 0 0 0
0 0 0 0 0 0 1 0 1 0 0
0 0 0 0 0 0 0 1 0 0 0
1 0 0 0 0 0 0 0 0 0 0
1 0 0 0 0 0 0 0 0 0 0

0 1 1 0 0 0 0 0 0 1 1
1 0 0 0 0 0 0 0 0 0 0
1 0 0 0 1 0 0 0 0 0 0
0 0 0 0 1 0 0 0 0 0 0
0 0 1 1 0 0 1 0 0 0 0
0 0 0 0 0 0 1 0 0 0 0
0 0 0 0 1 1 0 1 0 0 0
0 0 0 0 0 0 1 0 1 0 0
0 0 0 0 0 0 0 1 0 0 0
1 0 0 0 0 0 0 0 0 0 0
1 0 0 0 0 0 0 0 0 0 0

0 0 1 0 0 0 0 0 0 1 1
0 0 1 0 0 0 0 0 0 0 0
1 1 0 0 1 0 0 0 0 0 0
0 0 0 0 1 0 0 0 0 0 0
0 0 1 1 0 0 1 0 0 0 0
0 0 0 0 0 0 1 0 0 0 0
0 0 0 0 1 1 0 1 0 0 0
0 0 0 0 0 0 1 0 1 0 0
0 0 0 0 0 0 0 1 0 0 0
1 0 0 0 0 0 0 0 0 0 0
1 0 0 0 0 0 0 0 0 0 0

0 0 1 0 0 0 0 0 0 1 1
0 0 0 1 0 0 0 0 0 0 0
1 0 0 0 1 0 0 0 0 0 0
0 1 0 0 1 0 0 0 0 0 0
0 0 1 1 0 0 1 0 0 0 0
0 0 0 0 0 0 1 0 0 0 0
0 0 0 0 1 1 0 1 0 0 0
0 0 0 0 0 0 1 0 1 0 0
0 0 0 0 0 0 0 1 0 0 0
1 0 0 0 0 0 0 0 0 0 0
1 0 0 0 0 0 0 0 0 0 0

0 1 0 0 0 0 0 0 0 1 1
1 0 0 0 1 0 0 0 0 0 0
0 0 0 0 1 0 0 0 0 0 0
0 0 0 0 1 0 0 0 0 0 0
0 1 1 1 0 0 1 0 0 0 0
0 0 0 0 0 0 1 0 0 0 0
0 0 0 0 1 1 0 1 0 0 0
0 0 0 0 0 0 1 0 1 0 0
0 0 0 0 0 0 0 1 0 0 0
1 0 0 0 0 0 0 0 0 0 0
1 0 0 0 0 0 0 0 0 0 0

0 1 0 0 1 0 0 0 0 1 1
1 0 1 0 0 0 0 0 0 0 0
0 1 0 1 0 0 0 0 0 0 0
0 0 1 0 0 0 0 0 0 0 0
1 0 0 0 0 0 1 0 0 0 0
0 0 0 0 0 0 1 0 0 0 0
0 0 0 0 1 1 0 1 0 0 0
0 0 0 0 0 0 1 0 1 0 0
0 0 0 0 0 0 0 1 0 0 0
1 0 0 0 0 0 0 0 0 0 0
1 0 0 0 0 0 0 0 0 0 0

0 1 0 0 1 0 0 0 0 1 1
1 0 1 0 0 0 0 0 0 0 0
0 1 0 0 0 0 0 0 0 0 0
0 0 0 0 1 0 0 0 0 0 0
1 0 0 1 0 0 1 0 0 0 0
0 0 0 0 0 0 1 0 0 0 0
0 0 0 0 1 1 0 1 0 0 0
0 0 0 0 0 0 1 0 1 0 0
0 0 0 0 0 0 0 1 0 0 0
1 0 0 0 0 0 0 0 0 0 0
1 0 0 0 0 0 0 0 0 0 0

0 1 0 0 1 0 0 0 0 1 1
1 0 0 0 0 0 0 0 0 0 0
0 0 0 1 0 0 0 0 0 0 0
0 0 1 0 1 0 0 0 0 0 0
1 0 0 1 0 0 1 0 0 0 0
0 0 0 0 0 0 1 0 0 0 0
0 0 0 0 1 1 0 1 0 0 0
0 0 0 0 0 0 1 0 1 0 0
0 0 0 0 0 0 0 1 0 0 0
1 0 0 0 0 0 0 0 0 0 0
1 0 0 0 0 0 0 0 0 0 0

0 0 0 0 1 0 0 0 0 1 1
0 0 0 1 0 0 0 0 0 0 0
0 0 0 1 0 0 0 0 0 0 0
0 1 1 0 1 0 0 0 0 0 0
1 0 0 1 0 0 1 0 0 0 0
0 0 0 0 0 0 1 0 0 0 0
0 0 0 0 1 1 0 1 0 0 0
0 0 0 0 0 0 1 0 1 0 0
0 0 0 0 0 0 0 1 0 0 0
1 0 0 0 0 0 0 0 0 0 0
1 0 0 0 0 0 0 0 0 0 0

0 1 0 0 1 0 0 0 0 1 1
1 0 0 0 0 0 0 0 0 0 0
0 0 0 0 1 0 0 0 0 0 0
0 0 0 0 1 0 0 0 0 0 0
1 0 1 1 0 0 1 0 0 0 0
0 0 0 0 0 0 1 0 0 0 0
0 0 0 0 1 1 0 1 0 0 0
0 0 0 0 0 0 1 0 1 0 0
0 0 0 0 0 0 0 1 0 0 0
1 0 0 0 0 0 0 0 0 0 0
1 0 0 0 0 0 0 0 0 0 0

0 0 0 0 1 0 0 0 0 1 1
0 0 1 0 0 0 0 0 0 0 0
0 1 0 0 1 0 0 0 0 0 0
0 0 0 0 1 0 0 0 0 0 0
1 0 1 1 0 0 1 0 0 0 0
0 0 0 0 0 0 1 0 0 0 0
0 0 0 0 1 1 0 1 0 0 0
0 0 0 0 0 0 1 0 1 0 0
0 0 0 0 0 0 0 1 0 0 0
1 0 0 0 0 0 0 0 0 0 0
1 0 0 0 0 0 0 0 0 0 0

0 1 0 0 0 0 0 0 0 1 1
1 0 1 0 0 0 0 0 0 0 0
0 1 0 0 1 0 0 0 0 0 0
0 0 0 0 0 1 0 0 0 0 0
0 0 1 0 0 0 1 0 0 0 0
0 0 0 1 0 0 1 0 0 0 0
0 0 0 0 1 1 0 1 0 0 0
0 0 0 0 0 0 1 0 1 0 0
0 0 0 0 0 0 0 1 0 0 0
1 0 0 0 0 0 0 0 0 0 0
1 0 0 0 0 0 0 0 0 0 0

0 1 1 0 0 0 0 0 0 1 1
1 0 0 0 0 0 0 0 0 0 0
1 0 0 0 1 0 0 0 0 0 0
0 0 0 0 0 1 0 0 0 0 0
0 0 1 0 0 0 1 0 0 0 0
0 0 0 1 0 0 1 0 0 0 0
0 0 0 0 1 1 0 1 0 0 0
0 0 0 0 0 0 1 0 1 0 0
0 0 0 0 0 0 0 1 0 0 0
1 0 0 0 0 0 0 0 0 0 0
1 0 0 0 0 0 0 0 0 0 0

0 0 1 0 0 0 0 0 0 1 1
0 0 1 0 0 0 0 0 0 0 0
1 1 0 0 1 0 0 0 0 0 0
0 0 0 0 0 1 0 0 0 0 0
0 0 1 0 0 0 1 0 0 0 0
0 0 0 1 0 0 1 0 0 0 0
0 0 0 0 1 1 0 1 0 0 0
0 0 0 0 0 0 1 0 1 0 0
0 0 0 0 0 0 0 1 0 0 0
1 0 0 0 0 0 0 0 0 0 0
1 0 0 0 0 0 0 0 0 0 0

0 1 0 0 0 0 0 0 0 1 1
1 0 0 0 1 0 0 0 0 0 0
0 0 0 0 1 0 0 0 0 0 0
0 0 0 0 0 1 0 0 0 0 0
0 1 1 0 0 0 1 0 0 0 0
0 0 0 1 0 0 1 0 0 0 0
0 0 0 0 1 1 0 1 0 0 0
0 0 0 0 0 0 1 0 1 0 0
0 0 0 0 0 0 0 1 0 0 0
1 0 0 0 0 0 0 0 0 0 0
1 0 0 0 0 0 0 0 0 0 0

0 0 0 1 0 0 0 0 0 1 1
0 0 0 0 1 0 0 0 0 0 0
0 0 0 0 1 0 0 0 0 0 0
1 0 0 0 0 1 0 0 0 0 0
0 1 1 0 0 0 1 0 0 0 0
0 0 0 1 0 0 1 0 0 0 0
0 0 0 0 1 1 0 1 0 0 0
0 0 0 0 0 0 1 0 1 0 0
0 0 0 0 0 0 0 1 0 0 0
1 0 0 0 0 0 0 0 0 0 0
1 0 0 0 0 0 0 0 0 0 0

0 1 0 0 1 0 0 0 0 1 1
1 0 1 0 0 0 0 0 0 0 0
0 1 0 0 0 0 0 0 0 0 0
0 0 0 0 0 1 0 0 0 0 0
1 0 0 0 0 0 1 0 0 0 0
0 0 0 1 0 0 1 0 0 0 0
0 0 0 0 1 1 0 1 0 0 0
0 0 0 0 0 0 1 0 1 0 0
0 0 0 0 0 0 0 1 0 0 0
1 0 0 0 0 0 0 0 0 0 0
1 0 0 0 0 0 0 0 0 0 0

0 0 0 0 1 0 0 0 0 1 1
0 0 0 1 0 0 0 0 0 0 0
0 0 0 1 0 0 0 0 0 0 0
0 1 1 0 0 1 0 0 0 0 0
1 0 0 0 0 0 1 0 0 0 0
0 0 0 1 0 0 1 0 0 0 0
0 0 0 0 1 1 0 1 0 0 0
0 0 0 0 0 0 1 0 1 0 0
0 0 0 0 0 0 0 1 0 0 0
1 0 0 0 0 0 0 0 0 0 0
1 0 0 0 0 0 0 0 0 0 0

0 1 0 0 1 0 0 0 0 1 1
1 0 0 0 0 0 0 0 0 0 0
0 0 0 0 1 0 0 0 0 0 0
0 0 0 0 0 1 0 0 0 0 0
1 0 1 0 0 0 1 0 0 0 0
0 0 0 1 0 0 1 0 0 0 0
0 0 0 0 1 1 0 1 0 0 0
0 0 0 0 0 0 1 0 1 0 0
0 0 0 0 0 0 0 1 0 0 0
1 0 0 0 0 0 0 0 0 0 0
1 0 0 0 0 0 0 0 0 0 0

0 0 0 0 1 0 0 0 0 1 1
0 0 1 0 0 0 0 0 0 0 0
0 1 0 0 1 0 0 0 0 0 0
0 0 0 0 0 1 0 0 0 0 0
1 0 1 0 0 0 1 0 0 0 0
0 0 0 1 0 0 1 0 0 0 0
0 0 0 0 1 1 0 1 0 0 0
0 0 0 0 0 0 1 0 1 0 0
0 0 0 0 0 0 0 1 0 0 0
1 0 0 0 0 0 0 0 0 0 0
1 0 0 0 0 0 0 0 0 0 0

0 0 0 0 1 0 0 0 0 1 1
0 0 0 0 1 0 0 0 0 0 0
0 0 0 0 1 0 0 0 0 0 0
0 0 0 0 0 1 0 0 0 0 0
1 1 1 0 0 0 1 0 0 0 0
0 0 0 1 0 0 1 0 0 0 0
0 0 0 0 1 1 0 1 0 0 0
0 0 0 0 0 0 1 0 1 0 0
0 0 0 0 0 0 0 1 0 0 0
1 0 0 0 0 0 0 0 0 0 0
1 0 0 0 0 0 0 0 0 0 0

0 1 0 0 1 0 0 0 0 1 1
1 0 0 0 0 0 0 0 0 0 0
0 0 0 0 0 1 0 0 0 0 0
0 0 0 0 0 1 0 0 0 0 0
1 0 0 0 0 0 1 0 0 0 0
0 0 1 1 0 0 1 0 0 0 0
0 0 0 0 1 1 0 1 0 0 0
0 0 0 0 0 0 1 0 1 0 0
0 0 0 0 0 0 0 1 0 0 0
1 0 0 0 0 0 0 0 0 0 0
1 0 0 0 0 0 0 0 0 0 0

0 0 0 0 1 0 0 0 0 1 1
0 0 0 0 1 0 0 0 0 0 0
0 0 0 0 0 1 0 0 0 0 0
0 0 0 0 0 1 0 0 0 0 0
1 1 0 0 0 0 1 0 0 0 0
0 0 1 1 0 0 1 0 0 0 0
0 0 0 0 1 1 0 1 0 0 0
0 0 0 0 0 0 1 0 1 0 0
0 0 0 0 0 0 0 1 0 0 0
1 0 0 0 0 0 0 0 0 0 0
1 0 0 0 0 0 0 0 0 0 0

0 0 0 0 1 0 0 0 0 1 1
0 0 0 0 0 1 0 0 0 0 0
0 0 0 0 0 1 0 0 0 0 0
0 0 0 0 0 1 0 0 0 0 0
1 0 0 0 0 0 1 0 0 0 0
0 1 1 1 0 0 1 0 0 0 0
0 0 0 0 1 1 0 1 0 0 0
0 0 0 0 0 0 1 0 1 0 0
0 0 0 0 0 0 0 1 0 0 0
1 0 0 0 0 0 0 0 0 0 0
1 0 0 0 0 0 0 0 0 0 0

0 1 0 0 0 0 0 0 0 1 1
1 0 1 0 0 0 0 0 0 0 0
0 1 0 1 0 0 0 0 0 0 0
0 0 1 0 0 0 1 0 0 0 0
0 0 0 0 0 0 1 0 0 0 0
0 0 0 0 0 0 1 0 0 0 0
0 0 0 1 1 1 0 1 0 0 0
0 0 0 0 0 0 1 0 1 0 0
0 0 0 0 0 0 0 1 0 0 0
1 0 0 0 0 0 0 0 0 0 0
1 0 0 0 0 0 0 0 0 0 0

0 1 1 0 0 0 0 0 0 1 1
1 0 0 0 0 0 0 0 0 0 0
1 0 0 1 0 0 0 0 0 0 0
0 0 1 0 0 0 1 0 0 0 0
0 0 0 0 0 0 1 0 0 0 0
0 0 0 0 0 0 1 0 0 0 0
0 0 0 1 1 1 0 1 0 0 0
0 0 0 0 0 0 1 0 1 0 0
0 0 0 0 0 0 0 1 0 0 0
1 0 0 0 0 0 0 0 0 0 0
1 0 0 0 0 0 0 0 0 0 0

0 0 1 0 0 0 0 0 0 1 1
0 0 1 0 0 0 0 0 0 0 0
1 1 0 1 0 0 0 0 0 0 0
0 0 1 0 0 0 1 0 0 0 0
0 0 0 0 0 0 1 0 0 0 0
0 0 0 0 0 0 1 0 0 0 0
0 0 0 1 1 1 0 1 0 0 0
0 0 0 0 0 0 1 0 1 0 0
0 0 0 0 0 0 0 1 0 0 0
1 0 0 0 0 0 0 0 0 0 0
1 0 0 0 0 0 0 0 0 0 0

0 1 0 0 0 0 0 0 0 1 1
1 0 0 1 0 0 0 0 0 0 0
0 0 0 1 0 0 0 0 0 0 0
0 1 1 0 0 0 1 0 0 0 0
0 0 0 0 0 0 1 0 0 0 0
0 0 0 0 0 0 1 0 0 0 0
0 0 0 1 1 1 0 1 0 0 0
0 0 0 0 0 0 1 0 1 0 0
0 0 0 0 0 0 0 1 0 0 0
1 0 0 0 0 0 0 0 0 0 0
1 0 0 0 0 0 0 0 0 0 0

0 1 0 1 0 0 0 0 0 1 1
1 0 1 0 0 0 0 0 0 0 0
0 1 0 0 0 0 0 0 0 0 0
1 0 0 0 0 0 1 0 0 0 0
0 0 0 0 0 0 1 0 0 0 0
0 0 0 0 0 0 1 0 0 0 0
0 0 0 1 1 1 0 1 0 0 0
0 0 0 0 0 0 1 0 1 0 0
0 0 0 0 0 0 0 1 0 0 0
1 0 0 0 0 0 0 0 0 0 0
1 0 0 0 0 0 0 0 0 0 0

0 1 0 1 0 0 0 0 0 1 1
1 0 0 0 0 0 0 0 0 0 0
0 0 0 1 0 0 0 0 0 0 0
1 0 1 0 0 0 1 0 0 0 0
0 0 0 0 0 0 1 0 0 0 0
0 0 0 0 0 0 1 0 0 0 0
0 0 0 1 1 1 0 1 0 0 0
0 0 0 0 0 0 1 0 1 0 0
0 0 0 0 0 0 0 1 0 0 0
1 0 0 0 0 0 0 0 0 0 0
1 0 0 0 0 0 0 0 0 0 0

0 0 0 1 0 0 0 0 0 1 1
0 0 1 0 0 0 0 0 0 0 0
0 1 0 1 0 0 0 0 0 0 0
1 0 1 0 0 0 1 0 0 0 0
0 0 0 0 0 0 1 0 0 0 0
0 0 0 0 0 0 1 0 0 0 0
0 0 0 1 1 1 0 1 0 0 0
0 0 0 0 0 0 1 0 1 0 0
0 0 0 0 0 0 0 1 0 0 0
1 0 0 0 0 0 0 0 0 0 0
1 0 0 0 0 0 0 0 0 0 0

0 0 0 1 0 0 0 0 0 1 1
0 0 0 1 0 0 0 0 0 0 0
0 0 0 1 0 0 0 0 0 0 0
1 1 1 0 0 0 1 0 0 0 0
0 0 0 0 0 0 1 0 0 0 0
0 0 0 0 0 0 1 0 0 0 0
0 0 0 1 1 1 0 1 0 0 0
0 0 0 0 0 0 1 0 1 0 0
0 0 0 0 0 0 0 1 0 0 0
1 0 0 0 0 0 0 0 0 0 0
1 0 0 0 0 0 0 0 0 0 0

0 1 0 0 0 0 0 0 0 1 1
1 0 0 1 0 0 0 0 0 0 0
0 0 0 0 1 0 0 0 0 0 0
0 1 0 0 0 0 1 0 0 0 0
0 0 1 0 0 0 1 0 0 0 0
0 0 0 0 0 0 1 0 0 0 0
0 0 0 1 1 1 0 1 0 0 0
0 0 0 0 0 0 1 0 1 0 0
0 0 0 0 0 0 0 1 0 0 0
1 0 0 0 0 0 0 0 0 0 0
1 0 0 0 0 0 0 0 0 0 0

0 1 0 1 0 0 0 0 0 1 1
1 0 0 0 0 0 0 0 0 0 0
0 0 0 0 1 0 0 0 0 0 0
1 0 0 0 0 0 1 0 0 0 0
0 0 1 0 0 0 1 0 0 0 0
0 0 0 0 0 0 1 0 0 0 0
0 0 0 1 1 1 0 1 0 0 0
0 0 0 0 0 0 1 0 1 0 0
0 0 0 0 0 0 0 1 0 0 0
1 0 0 0 0 0 0 0 0 0 0
1 0 0 0 0 0 0 0 0 0 0

0 0 0 1 0 0 0 0 0 1 1
0 0 0 1 0 0 0 0 0 0 0
0 0 0 0 1 0 0 0 0 0 0
1 1 0 0 0 0 1 0 0 0 0
0 0 1 0 0 0 1 0 0 0 0
0 0 0 0 0 0 1 0 0 0 0
0 0 0 1 1 1 0 1 0 0 0
0 0 0 0 0 0 1 0 1 0 0
0 0 0 0 0 0 0 1 0 0 0
1 0 0 0 0 0 0 0 0 0 0
1 0 0 0 0 0 0 0 0 0 0

0 0 0 1 0 0 0 0 0 1 1
0 0 0 0 1 0 0 0 0 0 0
0 0 0 0 1 0 0 0 0 0 0
1 0 0 0 0 0 1 0 0 0 0
0 1 1 0 0 0 1 0 0 0 0
0 0 0 0 0 0 1 0 0 0 0
0 0 0 1 1 1 0 1 0 0 0
0 0 0 0 0 0 1 0 1 0 0
0 0 0 0 0 0 0 1 0 0 0
1 0 0 0 0 0 0 0 0 0 0
1 0 0 0 0 0 0 0 0 0 0

0 0 0 1 0 0 0 0 0 1 1
0 0 0 0 1 0 0 0 0 0 0
0 0 0 0 0 1 0 0 0 0 0
1 0 0 0 0 0 1 0 0 0 0
0 1 0 0 0 0 1 0 0 0 0
0 0 1 0 0 0 1 0 0 0 0
0 0 0 1 1 1 0 1 0 0 0
0 0 0 0 0 0 1 0 1 0 0
0 0 0 0 0 0 0 1 0 0 0
1 0 0 0 0 0 0 0 0 0 0
1 0 0 0 0 0 0 0 0 0 0

0 0 0 1 0 0 1 0 0 1 1
0 0 1 0 0 0 0 0 0 0 0
0 1 0 1 0 0 0 0 0 0 0
1 0 1 0 1 0 0 0 0 0 0
0 0 0 1 0 1 0 0 0 0 0
0 0 0 0 1 0 0 0 0 0 0
1 0 0 0 0 0 0 1 0 0 0
0 0 0 0 0 0 1 0 1 0 0
0 0 0 0 0 0 0 1 0 0 0
1 0 0 0 0 0 0 0 0 0 0
1 0 0 0 0 0 0 0 0 0 0

0 0 1 0 0 0 1 0 0 1 1
0 0 1 0 0 0 0 0 0 0 0
1 1 0 1 0 0 0 0 0 0 0
0 0 1 0 1 0 0 0 0 0 0
0 0 0 1 0 0 0 0 0 0 0
0 0 0 0 0 0 1 0 0 0 0
1 0 0 0 0 1 0 1 0 0 0
0 0 0 0 0 0 1 0 1 0 0
0 0 0 0 0 0 0 1 0 0 0
1 0 0 0 0 0 0 0 0 0 0
1 0 0 0 0 0 0 0 0 0 0

0 1 0 0 0 0 1 0 0 1 1
1 0 0 0 0 0 0 0 0 0 0
0 0 0 0 0 1 0 0 0 0 0
0 0 0 0 0 1 0 0 0 0 0
0 0 0 0 0 1 0 0 0 0 0
0 0 1 1 1 0 1 0 0 0 0
1 0 0 0 0 1 0 1 0 0 0
0 0 0 0 0 0 1 0 1 0 0
0 0 0 0 0 0 0 1 0 0 0
1 0 0 0 0 0 0 0 0 0 0
1 0 0 0 0 0 0 0 0 0 0

0 1 0 0 0 0 1 0 0 1 1
1 0 1 0 0 0 0 0 0 0 0
0 1 0 0 0 0 0 0 0 0 0
0 0 0 0 1 0 0 0 0 0 0
0 0 0 1 0 0 1 0 0 0 0
0 0 0 0 0 0 1 0 0 0 0
1 0 0 0 1 1 0 1 0 0 0
0 0 0 0 0 0 1 0 1 0 0
0 0 0 0 0 0 0 1 0 0 0
1 0 0 0 0 0 0 0 0 0 0
1 0 0 0 0 0 0 0 0 0 0

0 1 0 0 0 0 1 0 0 1 1
1 0 0 0 0 0 0 0 0 0 0
0 0 0 0 1 0 0 0 0 0 0
0 0 0 0 1 0 0 0 0 0 0
0 0 1 1 0 0 1 0 0 0 0
0 0 0 0 0 0 1 0 0 0 0
1 0 0 0 1 1 0 1 0 0 0
0 0 0 0 0 0 1 0 1 0 0
0 0 0 0 0 0 0 1 0 0 0
1 0 0 0 0 0 0 0 0 0 0
1 0 0 0 0 0 0 0 0 0 0

0 1 0 0 0 0 1 0 0 1 1
1 0 0 0 0 0 0 0 0 0 0
0 0 0 0 1 0 0 0 0 0 0
0 0 0 0 0 1 0 0 0 0 0
0 0 1 0 0 0 1 0 0 0 0
0 0 0 1 0 0 1 0 0 0 0
1 0 0 0 1 1 0 1 0 0 0
0 0 0 0 0 0 1 0 1 0 0
0 0 0 0 0 0 0 1 0 0 0
1 0 0 0 0 0 0 0 0 0 0
1 0 0 0 0 0 0 0 0 0 0

0 0 0 0 0 0 1 0 0 1 1
0 0 0 0 1 0 0 0 0 0 0
0 0 0 0 1 0 0 0 0 0 0
0 0 0 0 0 1 0 0 0 0 0
0 1 1 0 0 0 1 0 0 0 0
0 0 0 1 0 0 1 0 0 0 0
1 0 0 0 1 1 0 1 0 0 0
0 0 0 0 0 0 1 0 1 0 0
0 0 0 0 0 0 0 1 0 0 0
1 0 0 0 0 0 0 0 0 0 0
1 0 0 0 0 0 0 0 0 0 0

0 1 0 0 0 0 0 0 0 1 1
1 0 1 0 0 0 0 0 0 0 0
0 1 0 1 0 0 0 0 0 0 0
0 0 1 0 1 0 0 0 0 0 0
0 0 0 1 0 1 0 0 0 0 0
0 0 0 0 1 0 0 1 0 0 0
0 0 0 0 0 0 0 1 0 0 0
0 0 0 0 0 1 1 0 1 0 0
0 0 0 0 0 0 0 1 0 0 0
1 0 0 0 0 0 0 0 0 0 0
1 0 0 0 0 0 0 0 0 0 0

0 1 1 0 0 0 0 0 0 1 1
1 0 0 0 0 0 0 0 0 0 0
1 0 0 1 0 0 0 0 0 0 0
0 0 1 0 1 0 0 0 0 0 0
0 0 0 1 0 1 0 0 0 0 0
0 0 0 0 1 0 0 1 0 0 0
0 0 0 0 0 0 0 1 0 0 0
0 0 0 0 0 1 1 0 1 0 0
0 0 0 0 0 0 0 1 0 0 0
1 0 0 0 0 0 0 0 0 0 0
1 0 0 0 0 0 0 0 0 0 0

0 0 1 0 0 0 0 0 0 1 1
0 0 1 0 0 0 0 0 0 0 0
1 1 0 1 0 0 0 0 0 0 0
0 0 1 0 1 0 0 0 0 0 0
0 0 0 1 0 1 0 0 0 0 0
0 0 0 0 1 0 0 1 0 0 0
0 0 0 0 0 0 0 1 0 0 0
0 0 0 0 0 1 1 0 1 0 0
0 0 0 0 0 0 0 1 0 0 0
1 0 0 0 0 0 0 0 0 0 0
1 0 0 0 0 0 0 0 0 0 0

0 1 0 0 0 0 0 0 0 1 1
1 0 0 1 0 0 0 0 0 0 0
0 0 0 1 0 0 0 0 0 0 0
0 1 1 0 1 0 0 0 0 0 0
0 0 0 1 0 1 0 0 0 0 0
0 0 0 0 1 0 0 1 0 0 0
0 0 0 0 0 0 0 1 0 0 0
0 0 0 0 0 1 1 0 1 0 0
0 0 0 0 0 0 0 1 0 0 0
1 0 0 0 0 0 0 0 0 0 0
1 0 0 0 0 0 0 0 0 0 0

0 1 0 1 0 0 0 0 0 1 1
1 0 0 0 0 0 0 0 0 0 0
0 0 0 1 0 0 0 0 0 0 0
1 0 1 0 1 0 0 0 0 0 0
0 0 0 1 0 1 0 0 0 0 0
0 0 0 0 1 0 0 1 0 0 0
0 0 0 0 0 0 0 1 0 0 0
0 0 0 0 0 1 1 0 1 0 0
0 0 0 0 0 0 0 1 0 0 0
1 0 0 0 0 0 0 0 0 0 0
1 0 0 0 0 0 0 0 0 0 0

0 0 0 1 0 0 0 0 0 1 1
0 0 0 1 0 0 0 0 0 0 0
0 0 0 1 0 0 0 0 0 0 0
1 1 1 0 1 0 0 0 0 0 0
0 0 0 1 0 1 0 0 0 0 0
0 0 0 0 1 0 0 1 0 0 0
0 0 0 0 0 0 0 1 0 0 0
0 0 0 0 0 1 1 0 1 0 0
0 0 0 0 0 0 0 1 0 0 0
1 0 0 0 0 0 0 0 0 0 0
1 0 0 0 0 0 0 0 0 0 0

0 1 1 0 0 0 0 0 0 1 1
1 0 0 0 0 0 0 0 0 0 0
1 0 0 0 1 0 0 0 0 0 0
0 0 0 0 1 0 0 0 0 0 0
0 0 1 1 0 1 0 0 0 0 0
0 0 0 0 1 0 0 1 0 0 0
0 0 0 0 0 0 0 1 0 0 0
0 0 0 0 0 1 1 0 1 0 0
0 0 0 0 0 0 0 1 0 0 0
1 0 0 0 0 0 0 0 0 0 0
1 0 0 0 0 0 0 0 0 0 0

0 0 1 0 0 0 0 0 0 1 1
0 0 1 0 0 0 0 0 0 0 0
1 1 0 0 1 0 0 0 0 0 0
0 0 0 0 1 0 0 0 0 0 0
0 0 1 1 0 1 0 0 0 0 0
0 0 0 0 1 0 0 1 0 0 0
0 0 0 0 0 0 0 1 0 0 0
0 0 0 0 0 1 1 0 1 0 0
0 0 0 0 0 0 0 1 0 0 0
1 0 0 0 0 0 0 0 0 0 0
1 0 0 0 0 0 0 0 0 0 0

0 1 0 0 0 0 0 0 0 1 1
1 0 0 0 1 0 0 0 0 0 0
0 0 0 0 1 0 0 0 0 0 0
0 0 0 0 1 0 0 0 0 0 0
0 1 1 1 0 1 0 0 0 0 0
0 0 0 0 1 0 0 1 0 0 0
0 0 0 0 0 0 0 1 0 0 0
0 0 0 0 0 1 1 0 1 0 0
0 0 0 0 0 0 0 1 0 0 0
1 0 0 0 0 0 0 0 0 0 0
1 0 0 0 0 0 0 0 0 0 0

0 0 0 0 1 0 0 0 0 1 1
0 0 0 1 0 0 0 0 0 0 0
0 0 0 1 0 0 0 0 0 0 0
0 1 1 0 1 0 0 0 0 0 0
1 0 0 1 0 1 0 0 0 0 0
0 0 0 0 1 0 0 1 0 0 0
0 0 0 0 0 0 0 1 0 0 0
0 0 0 0 0 1 1 0 1 0 0
0 0 0 0 0 0 0 1 0 0 0
1 0 0 0 0 0 0 0 0 0 0
1 0 0 0 0 0 0 0 0 0 0

0 1 0 0 1 0 0 0 0 1 1
1 0 0 0 0 0 0 0 0 0 0
0 0 0 0 1 0 0 0 0 0 0
0 0 0 0 1 0 0 0 0 0 0
1 0 1 1 0 1 0 0 0 0 0
0 0 0 0 1 0 0 1 0 0 0
0 0 0 0 0 0 0 1 0 0 0
0 0 0 0 0 1 1 0 1 0 0
0 0 0 0 0 0 0 1 0 0 0
1 0 0 0 0 0 0 0 0 0 0
1 0 0 0 0 0 0 0 0 0 0

0 1 1 0 0 0 0 0 0 1 1
1 0 0 0 0 0 0 0 0 0 0
1 0 0 1 0 0 0 0 0 0 0
0 0 1 0 0 1 0 0 0 0 0
0 0 0 0 0 1 0 0 0 0 0
0 0 0 1 1 0 0 1 0 0 0
0 0 0 0 0 0 0 1 0 0 0
0 0 0 0 0 1 1 0 1 0 0
0 0 0 0 0 0 0 1 0 0 0
1 0 0 0 0 0 0 0 0 0 0
1 0 0 0 0 0 0 0 0 0 0

0 0 1 0 0 0 0 0 0 1 1
0 0 1 0 0 0 0 0 0 0 0
1 1 0 1 0 0 0 0 0 0 0
0 0 1 0 0 1 0 0 0 0 0
0 0 0 0 0 1 0 0 0 0 0
0 0 0 1 1 0 0 1 0 0 0
0 0 0 0 0 0 0 1 0 0 0
0 0 0 0 0 1 1 0 1 0 0
0 0 0 0 0 0 0 1 0 0 0
1 0 0 0 0 0 0 0 0 0 0
1 0 0 0 0 0 0 0 0 0 0

0 1 0 1 0 0 0 0 0 1 1
1 0 0 0 0 0 0 0 0 0 0
0 0 0 1 0 0 0 0 0 0 0
1 0 1 0 0 1 0 0 0 0 0
0 0 0 0 0 1 0 0 0 0 0
0 0 0 1 1 0 0 1 0 0 0
0 0 0 0 0 0 0 1 0 0 0
0 0 0 0 0 1 1 0 1 0 0
0 0 0 0 0 0 0 1 0 0 0
1 0 0 0 0 0 0 0 0 0 0
1 0 0 0 0 0 0 0 0 0 0

0 0 0 1 0 0 0 0 0 1 1
0 0 0 1 0 0 0 0 0 0 0
0 0 0 1 0 0 0 0 0 0 0
1 1 1 0 0 1 0 0 0 0 0
0 0 0 0 0 1 0 0 0 0 0
0 0 0 1 1 0 0 1 0 0 0
0 0 0 0 0 0 0 1 0 0 0
0 0 0 0 0 1 1 0 1 0 0
0 0 0 0 0 0 0 1 0 0 0
1 0 0 0 0 0 0 0 0 0 0
1 0 0 0 0 0 0 0 0 0 0

0 1 1 0 0 0 0 0 0 1 1
1 0 0 0 0 0 0 0 0 0 0
1 0 0 0 0 1 0 0 0 0 0
0 0 0 0 0 1 0 0 0 0 0
0 0 0 0 0 1 0 0 0 0 0
0 0 1 1 1 0 0 1 0 0 0
0 0 0 0 0 0 0 1 0 0 0
0 0 0 0 0 1 1 0 1 0 0
0 0 0 0 0 0 0 1 0 0 0
1 0 0 0 0 0 0 0 0 0 0
1 0 0 0 0 0 0 0 0 0 0

0 1 0 0 0 1 0 0 0 1 1
1 0 0 0 0 0 0 0 0 0 0
0 0 0 0 1 0 0 0 0 0 0
0 0 0 0 1 0 0 0 0 0 0
0 0 1 1 0 1 0 0 0 0 0
1 0 0 0 1 0 0 1 0 0 0
0 0 0 0 0 0 0 1 0 0 0
0 0 0 0 0 1 1 0 1 0 0
0 0 0 0 0 0 0 1 0 0 0
1 0 0 0 0 0 0 0 0 0 0
1 0 0 0 0 0 0 0 0 0 0

0 0 0 0 0 1 0 0 0 1 1
0 0 0 1 0 0 0 0 0 0 0
0 0 0 1 0 0 0 0 0 0 0
0 1 1 0 0 1 0 0 0 0 0
0 0 0 0 0 1 0 0 0 0 0
1 0 0 1 1 0 0 1 0 0 0
0 0 0 0 0 0 0 1 0 0 0
0 0 0 0 0 1 1 0 1 0 0
0 0 0 0 0 0 0 1 0 0 0
1 0 0 0 0 0 0 0 0 0 0
1 0 0 0 0 0 0 0 0 0 0

0 1 0 0 0 1 0 0 0 1 1
1 0 0 0 0 0 0 0 0 0 0
0 0 0 0 0 0 1 0 0 0 0
0 0 0 0 0 0 1 0 0 0 0
0 0 0 0 0 0 1 0 0 0 0
1 0 0 0 0 0 0 1 0 0 0
0 0 1 1 1 0 0 1 0 0 0
0 0 0 0 0 1 1 0 1 0 0
0 0 0 0 0 0 0 1 0 0 0
1 0 0 0 0 0 0 0 0 0 0
1 0 0 0 0 0 0 0 0 0 0

0 1 1 0 0 0 0 0 0 1 1
1 0 0 0 0 0 0 0 0 0 0
1 0 0 1 0 0 0 0 0 0 0
0 0 1 0 1 0 0 0 0 0 0
0 0 0 1 0 0 0 1 0 0 0
0 0 0 0 0 0 0 1 0 0 0
0 0 0 0 0 0 0 1 0 0 0
0 0 0 0 1 1 1 0 1 0 0
0 0 0 0 0 0 0 1 0 0 0
1 0 0 0 0 0 0 0 0 0 0
1 0 0 0 0 0 0 0 0 0 0

0 1 0 0 1 0 0 0 0 1 1
1 0 0 0 0 0 0 0 0 0 0
0 0 0 0 1 0 0 0 0 0 0
0 0 0 0 1 0 0 0 0 0 0
1 0 1 1 0 0 0 1 0 0 0
0 0 0 0 0 0 0 1 0 0 0
0 0 0 0 0 0 0 1 0 0 0
0 0 0 0 1 1 1 0 1 0 0
0 0 0 0 0 0 0 1 0 0 0
1 0 0 0 0 0 0 0 0 0 0
1 0 0 0 0 0 0 0 0 0 0

0 0 0 1 0 0 1 0 0 1 1
0 0 0 0 0 0 0 1 0 0 0
0 0 0 0 0 0 0 1 0 0 0
1 0 0 0 0 0 0 0 0 0 0
0 0 0 0 0 0 1 0 0 0 0
0 0 0 0 0 0 1 0 0 0 0
1 0 0 0 1 1 0 1 0 0 0
0 1 1 0 0 0 1 0 1 0 0
0 0 0 0 0 0 0 1 0 0 0
1 0 0 0 0 0 0 0 0 0 0
1 0 0 0 0 0 0 0 0 0 0

0 0 0 1 0 0 0 1 0 1 1
0 0 0 1 0 0 0 0 0 0 0
0 0 0 1 0 0 0 0 0 0 0
1 1 1 0 1 0 0 0 0 0 0
0 0 0 1 0 0 0 0 0 0 0
0 0 0 0 0 0 0 1 0 0 0
0 0 0 0 0 0 0 1 0 0 0
1 0 0 0 0 1 1 0 1 0 0
0 0 0 0 0 0 0 1 0 0 0
1 0 0 0 0 0 0 0 0 0 0
1 0 0 0 0 0 0 0 0 0 0

0 0 1 0 0 0 0 1 0 1 1
0 0 0 1 1 1 0 1 0 0 0
1 0 0 0 0 0 0 0 0 0 0
0 1 0 0 0 0 0 0 0 0 0
0 1 0 0 0 0 0 0 0 0 0
0 1 0 0 0 0 0 0 0 0 0
0 0 0 0 0 0 0 1 0 0 0
1 1 0 0 0 0 1 0 1 0 0
0 0 0 0 0 0 0 1 0 0 0
1 0 0 0 0 0 0 0 0 0 0
1 0 0 0 0 0 0 0 0 0 0

0 1 0 0 0 0 0 0 0 0 1
1 0 1 0 0 0 0 0 0 1 0
0 1 0 1 0 0 0 0 0 0 0
0 0 1 0 1 0 0 0 0 0 0
0 0 0 1 0 1 0 0 0 0 0
0 0 0 0 1 0 1 0 0 0 0
0 0 0 0 0 1 0 1 0 0 0
0 0 0 0 0 0 1 0 1 0 0
0 0 0 0 0 0 0 1 0 0 0
0 1 0 0 0 0 0 0 0 0 0
1 0 0 0 0 0 0 0 0 0 0

0 0 1 0 0 0 0 0 0 0 1
0 0 1 0 0 0 0 0 0 1 0
1 1 0 1 0 0 0 0 0 0 0
0 0 1 0 1 0 0 0 0 0 0
0 0 0 1 0 1 0 0 0 0 0
0 0 0 0 1 0 1 0 0 0 0
0 0 0 0 0 1 0 1 0 0 0
0 0 0 0 0 0 1 0 1 0 0
0 0 0 0 0 0 0 1 0 0 0
0 1 0 0 0 0 0 0 0 0 0
1 0 0 0 0 0 0 0 0 0 0

0 0 1 0 0 0 0 0 0 0 1
0 0 1 1 0 0 0 0 0 1 0
1 1 0 0 0 0 0 0 0 0 0
0 1 0 0 1 0 0 0 0 0 0
0 0 0 1 0 1 0 0 0 0 0
0 0 0 0 1 0 1 0 0 0 0
0 0 0 0 0 1 0 1 0 0 0
0 0 0 0 0 0 1 0 1 0 0
0 0 0 0 0 0 0 1 0 0 0
0 1 0 0 0 0 0 0 0 0 0
1 0 0 0 0 0 0 0 0 0 0

0 1 0 0 0 0 0 0 0 0 1
1 0 0 1 0 0 0 0 0 1 0
0 0 0 1 0 0 0 0 0 0 0
0 1 1 0 1 0 0 0 0 0 0
0 0 0 1 0 1 0 0 0 0 0
0 0 0 0 1 0 1 0 0 0 0
0 0 0 0 0 1 0 1 0 0 0
0 0 0 0 0 0 1 0 1 0 0
0 0 0 0 0 0 0 1 0 0 0
0 1 0 0 0 0 0 0 0 0 0
1 0 0 0 0 0 0 0 0 0 0

0 0 1 0 0 0 0 0 0 0 1
0 0 0 1 0 0 0 0 0 1 0
1 0 0 1 0 0 0 0 0 0 0
0 1 1 0 1 0 0 0 0 0 0
0 0 0 1 0 1 0 0 0 0 0
0 0 0 0 1 0 1 0 0 0 0
0 0 0 0 0 1 0 1 0 0 0
0 0 0 0 0 0 1 0 1 0 0
0 0 0 0 0 0 0 1 0 0 0
0 1 0 0 0 0 0 0 0 0 0
1 0 0 0 0 0 0 0 0 0 0

0 0 0 1 0 0 0 0 0 0 1
0 0 0 1 0 0 0 0 0 1 0
0 0 0 1 0 0 0 0 0 0 0
1 1 1 0 1 0 0 0 0 0 0
0 0 0 1 0 1 0 0 0 0 0
0 0 0 0 1 0 1 0 0 0 0
0 0 0 0 0 1 0 1 0 0 0
0 0 0 0 0 0 1 0 1 0 0
0 0 0 0 0 0 0 1 0 0 0
0 1 0 0 0 0 0 0 0 0 0
1 0 0 0 0 0 0 0 0 0 0

0 1 0 0 0 0 0 0 0 0 1
1 0 1 0 0 0 0 0 0 1 0
0 1 0 0 1 0 0 0 0 0 0
0 0 0 0 1 0 0 0 0 0 0
0 0 1 1 0 1 0 0 0 0 0
0 0 0 0 1 0 1 0 0 0 0
0 0 0 0 0 1 0 1 0 0 0
0 0 0 0 0 0 1 0 1 0 0
0 0 0 0 0 0 0 1 0 0 0
0 1 0 0 0 0 0 0 0 0 0
1 0 0 0 0 0 0 0 0 0 0

0 0 1 0 0 0 0 0 0 0 1
0 0 1 0 0 0 0 0 0 1 0
1 1 0 0 1 0 0 0 0 0 0
0 0 0 0 1 0 0 0 0 0 0
0 0 1 1 0 1 0 0 0 0 0
0 0 0 0 1 0 1 0 0 0 0
0 0 0 0 0 1 0 1 0 0 0
0 0 0 0 0 0 1 0 1 0 0
0 0 0 0 0 0 0 1 0 0 0
0 1 0 0 0 0 0 0 0 0 0
1 0 0 0 0 0 0 0 0 0 0

0 0 1 0 0 0 0 0 0 0 1
0 0 0 1 0 0 0 0 0 1 0
1 0 0 0 1 0 0 0 0 0 0
0 1 0 0 1 0 0 0 0 0 0
0 0 1 1 0 1 0 0 0 0 0
0 0 0 0 1 0 1 0 0 0 0
0 0 0 0 0 1 0 1 0 0 0
0 0 0 0 0 0 1 0 1 0 0
0 0 0 0 0 0 0 1 0 0 0
0 1 0 0 0 0 0 0 0 0 0
1 0 0 0 0 0 0 0 0 0 0

0 0 1 0 0 0 0 0 0 0 1
0 0 0 1 1 0 0 0 0 1 0
1 0 0 1 0 0 0 0 0 0 0
0 1 1 0 0 0 0 0 0 0 0
0 1 0 0 0 1 0 0 0 0 0
0 0 0 0 1 0 1 0 0 0 0
0 0 0 0 0 1 0 1 0 0 0
0 0 0 0 0 0 1 0 1 0 0
0 0 0 0 0 0 0 1 0 0 0
0 1 0 0 0 0 0 0 0 0 0
1 0 0 0 0 0 0 0 0 0 0

0 0 1 0 0 0 0 0 0 0 1
0 0 1 0 1 0 0 0 0 1 0
1 1 0 0 0 0 0 0 0 0 0
0 0 0 0 1 0 0 0 0 0 0
0 1 0 1 0 1 0 0 0 0 0
0 0 0 0 1 0 1 0 0 0 0
0 0 0 0 0 1 0 1 0 0 0
0 0 0 0 0 0 1 0 1 0 0
0 0 0 0 0 0 0 1 0 0 0
0 1 0 0 0 0 0 0 0 0 0
1 0 0 0 0 0 0 0 0 0 0

0 1 0 0 0 0 0 0 0 0 1
1 0 0 0 1 0 0 0 0 1 0
0 0 0 1 0 0 0 0 0 0 0
0 0 1 0 1 0 0 0 0 0 0
0 1 0 1 0 1 0 0 0 0 0
0 0 0 0 1 0 1 0 0 0 0
0 0 0 0 0 1 0 1 0 0 0
0 0 0 0 0 0 1 0 1 0 0
0 0 0 0 0 0 0 1 0 0 0
0 1 0 0 0 0 0 0 0 0 0
1 0 0 0 0 0 0 0 0 0 0

0 0 1 0 0 0 0 0 0 0 1
0 0 0 0 1 0 0 0 0 1 0
1 0 0 1 0 0 0 0 0 0 0
0 0 1 0 1 0 0 0 0 0 0
0 1 0 1 0 1 0 0 0 0 0
0 0 0 0 1 0 1 0 0 0 0
0 0 0 0 0 1 0 1 0 0 0
0 0 0 0 0 0 1 0 1 0 0
0 0 0 0 0 0 0 1 0 0 0
0 1 0 0 0 0 0 0 0 0 0
1 0 0 0 0 0 0 0 0 0 0

0 0 1 0 0 0 0 0 0 0 1
0 0 0 0 1 0 0 0 0 1 0
1 0 0 0 1 0 0 0 0 0 0
0 0 0 0 1 0 0 0 0 0 0
0 1 1 1 0 1 0 0 0 0 0
0 0 0 0 1 0 1 0 0 0 0
0 0 0 0 0 1 0 1 0 0 0
0 0 0 0 0 0 1 0 1 0 0
0 0 0 0 0 0 0 1 0 0 0
0 1 0 0 0 0 0 0 0 0 0
1 0 0 0 0 0 0 0 0 0 0

0 0 0 0 1 0 0 0 0 0 1
0 0 0 0 1 0 0 0 0 1 0
0 0 0 1 0 0 0 0 0 0 0
0 0 1 0 1 0 0 0 0 0 0
1 1 0 1 0 1 0 0 0 0 0
0 0 0 0 1 0 1 0 0 0 0
0 0 0 0 0 1 0 1 0 0 0
0 0 0 0 0 0 1 0 1 0 0
0 0 0 0 0 0 0 1 0 0 0
0 1 0 0 0 0 0 0 0 0 0
1 0 0 0 0 0 0 0 0 0 0

0 1 0 0 0 0 0 0 0 0 1
1 0 1 0 0 0 0 0 0 1 0
0 1 0 1 0 0 0 0 0 0 0
0 0 1 0 0 1 0 0 0 0 0
0 0 0 0 0 1 0 0 0 0 0
0 0 0 1 1 0 1 0 0 0 0
0 0 0 0 0 1 0 1 0 0 0
0 0 0 0 0 0 1 0 1 0 0
0 0 0 0 0 0 0 1 0 0 0
0 1 0 0 0 0 0 0 0 0 0
1 0 0 0 0 0 0 0 0 0 0

0 0 1 0 0 0 0 0 0 0 1
0 0 1 0 0 0 0 0 0 1 0
1 1 0 1 0 0 0 0 0 0 0
0 0 1 0 0 1 0 0 0 0 0
0 0 0 0 0 1 0 0 0 0 0
0 0 0 1 1 0 1 0 0 0 0
0 0 0 0 0 1 0 1 0 0 0
0 0 0 0 0 0 1 0 1 0 0
0 0 0 0 0 0 0 1 0 0 0
0 1 0 0 0 0 0 0 0 0 0
1 0 0 0 0 0 0 0 0 0 0

0 0 1 0 0 0 0 0 0 0 1
0 0 1 1 0 0 0 0 0 1 0
1 1 0 0 0 0 0 0 0 0 0
0 1 0 0 0 1 0 0 0 0 0
0 0 0 0 0 1 0 0 0 0 0
0 0 0 1 1 0 1 0 0 0 0
0 0 0 0 0 1 0 1 0 0 0
0 0 0 0 0 0 1 0 1 0 0
0 0 0 0 0 0 0 1 0 0 0
0 1 0 0 0 0 0 0 0 0 0
1 0 0 0 0 0 0 0 0 0 0

0 1 0 0 0 0 0 0 0 0 1
1 0 0 1 0 0 0 0 0 1 0
0 0 0 1 0 0 0 0 0 0 0
0 1 1 0 0 1 0 0 0 0 0
0 0 0 0 0 1 0 0 0 0 0
0 0 0 1 1 0 1 0 0 0 0
0 0 0 0 0 1 0 1 0 0 0
0 0 0 0 0 0 1 0 1 0 0
0 0 0 0 0 0 0 1 0 0 0
0 1 0 0 0 0 0 0 0 0 0
1 0 0 0 0 0 0 0 0 0 0

0 0 1 0 0 0 0 0 0 0 1
0 0 0 1 0 0 0 0 0 1 0
1 0 0 1 0 0 0 0 0 0 0
0 1 1 0 0 1 0 0 0 0 0
0 0 0 0 0 1 0 0 0 0 0
0 0 0 1 1 0 1 0 0 0 0
0 0 0 0 0 1 0 1 0 0 0
0 0 0 0 0 0 1 0 1 0 0
0 0 0 0 0 0 0 1 0 0 0
0 1 0 0 0 0 0 0 0 0 0
1 0 0 0 0 0 0 0 0 0 0

0 0 0 1 0 0 0 0 0 0 1
0 0 0 1 0 0 0 0 0 1 0
0 0 0 1 0 0 0 0 0 0 0
1 1 1 0 0 1 0 0 0 0 0
0 0 0 0 0 1 0 0 0 0 0
0 0 0 1 1 0 1 0 0 0 0
0 0 0 0 0 1 0 1 0 0 0
0 0 0 0 0 0 1 0 1 0 0
0 0 0 0 0 0 0 1 0 0 0
0 1 0 0 0 0 0 0 0 0 0
1 0 0 0 0 0 0 0 0 0 0

0 1 0 0 0 0 0 0 0 0 1
1 0 0 1 0 0 0 0 0 1 0
0 0 0 0 1 0 0 0 0 0 0
0 1 0 0 0 1 0 0 0 0 0
0 0 1 0 0 1 0 0 0 0 0
0 0 0 1 1 0 1 0 0 0 0
0 0 0 0 0 1 0 1 0 0 0
0 0 0 0 0 0 1 0 1 0 0
0 0 0 0 0 0 0 1 0 0 0
0 1 0 0 0 0 0 0 0 0 0
1 0 0 0 0 0 0 0 0 0 0

0 0 0 1 0 0 0 0 0 0 1
0 0 0 1 0 0 0 0 0 1 0
0 0 0 0 1 0 0 0 0 0 0
1 1 0 0 0 1 0 0 0 0 0
0 0 1 0 0 1 0 0 0 0 0
0 0 0 1 1 0 1 0 0 0 0
0 0 0 0 0 1 0 1 0 0 0
0 0 0 0 0 0 1 0 1 0 0
0 0 0 0 0 0 0 1 0 0 0
0 1 0 0 0 0 0 0 0 0 0
1 0 0 0 0 0 0 0 0 0 0

0 0 0 1 0 0 0 0 0 0 1
0 0 0 0 1 0 0 0 0 1 0
0 0 0 1 0 0 0 0 0 0 0
1 0 1 0 0 1 0 0 0 0 0
0 1 0 0 0 1 0 0 0 0 0
0 0 0 1 1 0 1 0 0 0 0
0 0 0 0 0 1 0 1 0 0 0
0 0 0 0 0 0 1 0 1 0 0
0 0 0 0 0 0 0 1 0 0 0
0 1 0 0 0 0 0 0 0 0 0
1 0 0 0 0 0 0 0 0 0 0

0 0 1 0 0 0 0 0 0 0 1
0 0 0 1 0 0 0 0 0 1 0
1 0 0 0 0 1 0 0 0 0 0
0 1 0 0 0 1 0 0 0 0 0
0 0 0 0 0 1 0 0 0 0 0
0 0 1 1 1 0 1 0 0 0 0
0 0 0 0 0 1 0 1 0 0 0
0 0 0 0 0 0 1 0 1 0 0
0 0 0 0 0 0 0 1 0 0 0
0 1 0 0 0 0 0 0 0 0 0
1 0 0 0 0 0 0 0 0 0 0

0 1 0 0 0 0 0 0 0 0 1
1 0 0 0 0 1 0 0 0 1 0
0 0 0 1 0 0 0 0 0 0 0
0 0 1 0 0 1 0 0 0 0 0
0 0 0 0 0 1 0 0 0 0 0
0 1 0 1 1 0 1 0 0 0 0
0 0 0 0 0 1 0 1 0 0 0
0 0 0 0 0 0 1 0 1 0 0
0 0 0 0 0 0 0 1 0 0 0
0 1 0 0 0 0 0 0 0 0 0
1 0 0 0 0 0 0 0 0 0 0

0 0 0 1 0 0 0 0 0 0 1
0 0 0 0 0 1 0 0 0 1 0
0 0 0 0 1 0 0 0 0 0 0
1 0 0 0 0 1 0 0 0 0 0
0 0 1 0 0 1 0 0 0 0 0
0 1 0 1 1 0 1 0 0 0 0
0 0 0 0 0 1 0 1 0 0 0
0 0 0 0 0 0 1 0 1 0 0
0 0 0 0 0 0 0 1 0 0 0
0 1 0 0 0 0 0 0 0 0 0
1 0 0 0 0 0 0 0 0 0 0

0 1 0 0 0 0 0 0 0 0 1
1 0 1 0 0 0 0 0 0 1 0
0 1 0 1 0 0 0 0 0 0 0
0 0 1 0 1 0 0 0 0 0 0
0 0 0 1 0 0 1 0 0 0 0
0 0 0 0 0 0 1 0 0 0 0
0 0 0 0 1 1 0 1 0 0 0
0 0 0 0 0 0 1 0 1 0 0
0 0 0 0 0 0 0 1 0 0 0
0 1 0 0 0 0 0 0 0 0 0
1 0 0 0 0 0 0 0 0 0 0

0 0 1 0 0 0 0 0 0 0 1
0 0 1 0 0 0 0 0 0 1 0
1 1 0 1 0 0 0 0 0 0 0
0 0 1 0 1 0 0 0 0 0 0
0 0 0 1 0 0 1 0 0 0 0
0 0 0 0 0 0 1 0 0 0 0
0 0 0 0 1 1 0 1 0 0 0
0 0 0 0 0 0 1 0 1 0 0
0 0 0 0 0 0 0 1 0 0 0
0 1 0 0 0 0 0 0 0 0 0
1 0 0 0 0 0 0 0 0 0 0

0 1 0 0 0 0 0 0 0 0 1
1 0 0 1 0 0 0 0 0 1 0
0 0 0 1 0 0 0 0 0 0 0
0 1 1 0 1 0 0 0 0 0 0
0 0 0 1 0 0 1 0 0 0 0
0 0 0 0 0 0 1 0 0 0 0
0 0 0 0 1 1 0 1 0 0 0
0 0 0 0 0 0 1 0 1 0 0
0 0 0 0 0 0 0 1 0 0 0
0 1 0 0 0 0 0 0 0 0 0
1 0 0 0 0 0 0 0 0 0 0

0 0 0 1 0 0 0 0 0 0 1
0 0 0 1 0 0 0 0 0 1 0
0 0 0 1 0 0 0 0 0 0 0
1 1 1 0 1 0 0 0 0 0 0
0 0 0 1 0 0 1 0 0 0 0
0 0 0 0 0 0 1 0 0 0 0
0 0 0 0 1 1 0 1 0 0 0
0 0 0 0 0 0 1 0 1 0 0
0 0 0 0 0 0 0 1 0 0 0
0 1 0 0 0 0 0 0 0 0 0
1 0 0 0 0 0 0 0 0 0 0

0 0 1 0 0 0 0 0 0 0 1
0 0 1 0 0 0 0 0 0 1 0
1 1 0 0 1 0 0 0 0 0 0
0 0 0 0 1 0 0 0 0 0 0
0 0 1 1 0 0 1 0 0 0 0
0 0 0 0 0 0 1 0 0 0 0
0 0 0 0 1 1 0 1 0 0 0
0 0 0 0 0 0 1 0 1 0 0
0 0 0 0 0 0 0 1 0 0 0
0 1 0 0 0 0 0 0 0 0 0
1 0 0 0 0 0 0 0 0 0 0

0 1 0 0 0 0 0 0 0 0 1
1 0 0 0 1 0 0 0 0 1 0
0 0 0 1 0 0 0 0 0 0 0
0 0 1 0 1 0 0 0 0 0 0
0 1 0 1 0 0 1 0 0 0 0
0 0 0 0 0 0 1 0 0 0 0
0 0 0 0 1 1 0 1 0 0 0
0 0 0 0 0 0 1 0 1 0 0
0 0 0 0 0 0 0 1 0 0 0
0 1 0 0 0 0 0 0 0 0 0
1 0 0 0 0 0 0 0 0 0 0

0 0 0 0 1 0 0 0 0 0 1
0 0 0 0 1 0 0 0 0 1 0
0 0 0 1 0 0 0 0 0 0 0
0 0 1 0 1 0 0 0 0 0 0
1 1 0 1 0 0 1 0 0 0 0
0 0 0 0 0 0 1 0 0 0 0
0 0 0 0 1 1 0 1 0 0 0
0 0 0 0 0 0 1 0 1 0 0
0 0 0 0 0 0 0 1 0 0 0
0 1 0 0 0 0 0 0 0 0 0
1 0 0 0 0 0 0 0 0 0 0

0 0 1 0 0 0 0 0 0 0 1
0 0 1 0 0 0 0 0 0 1 0
1 1 0 0 1 0 0 0 0 0 0
0 0 0 0 0 1 0 0 0 0 0
0 0 1 0 0 0 1 0 0 0 0
0 0 0 1 0 0 1 0 0 0 0
0 0 0 0 1 1 0 1 0 0 0
0 0 0 0 0 0 1 0 1 0 0
0 0 0 0 0 0 0 1 0 0 0
0 1 0 0 0 0 0 0 0 0 0
1 0 0 0 0 0 0 0 0 0 0

0 0 0 0 1 0 0 0 0 0 1
0 0 0 0 1 0 0 0 0 1 0
0 0 0 0 1 0 0 0 0 0 0
0 0 0 0 0 1 0 0 0 0 0
1 1 1 0 0 0 1 0 0 0 0
0 0 0 1 0 0 1 0 0 0 0
0 0 0 0 1 1 0 1 0 0 0
0 0 0 0 0 0 1 0 1 0 0
0 0 0 0 0 0 0 1 0 0 0
0 1 0 0 0 0 0 0 0 0 0
1 0 0 0 0 0 0 0 0 0 0

0 0 1 0 0 0 0 0 0 0 1
0 0 0 1 0 0 0 0 0 1 0
1 0 0 0 1 0 0 0 0 0 0
0 1 0 0 0 1 0 0 0 0 0
0 0 1 0 0 0 1 0 0 0 0
0 0 0 1 0 0 0 1 0 0 0
0 0 0 0 1 0 0 0 1 0 0
0 0 0 0 0 1 0 0 1 0 0
0 0 0 0 0 0 1 1 0 0 0
0 1 0 0 0 0 0 0 0 0 0
1 0 0 0 0 0 0 0 0 0 0

0 1 1 0 0 0 1 0 0 0 1
1 0 0 0 0 1 0 0 1 1 0
1 0 0 0 0 0 0 0 0 0 0
0 0 0 0 0 0 1 0 0 0 0
0 0 0 0 0 0 1 0 0 0 0
0 1 0 0 0 0 0 0 0 0 0
1 0 0 1 1 0 0 1 0 0 0
0 0 0 0 0 0 1 0 0 0 0
0 1 0 0 0 0 0 0 0 0 0
0 1 0 0 0 0 0 0 0 0 0
1 0 0 0 0 0 0 0 0 0 0

Execution time: 394709023ms
Process returned 0 (0x0)   execution time : 394718.695 s
Press any key to continue.
